4218
4824
3943
3907
3437
5080
3666
3306
5218
4150
3739
3964
3229
5674
4467
4302
4234
6218
5208
3621
3300
4342
4818
3402
4127
4406
3060
4951
3465
3918
3211
4189
5815
6290
6884
6272
5411
7926
7707
6766
5378
7582
7578
8785
6175
5616
5266
7703
8474
8301
7378
9369
7609
6202
7353
8538
9016
10804
7538
7204
5313
9486
8271
7126
11197
11194
12653
12534
14197
11084
13063
12133
13694
12502
11541
11927
11884
10818
11639
12312
4182
4392
3515
3673
3688
3984
4781
3715
3797
4143
4028
2951
3345
4886
4170
4975
4766
4275
5310
4963
6466
3491
4562
4643
5890
4448
4089
5287
3250
4800
3977
4601
6794
7252
4804
7628
6550
8267
5879
6065
4595
6311
4158
7747
5772
5743
5452
7350
1603
1778
1576
1468
1583
1906
1193
1427
1692
1491
1357
1720
2308
1711
1685
1538
16384
16384
16384
16384
16384
16384
16384
16384
16384
16384
16384
16384
16384
16384
16384
16384
6568
6705
7369
6480
6776
9723
6800
7249
6239
9931
6185
8304
5937
6398
4772
7687
1701
1729
2360
1722
1650
1868
1557
1646
1408
1717
1776
1949
1820
2660
1931
1796
5091
3830
5347
4406
3838
6937
5391
4209
4426
5740
4604
3611
5290
4592
5604
5398
2492
2748
2667
3245
2424
3450
3237
3036
3247
2886
3186
1986
3157
3253
2972
2788
9793
9061
11181
8762
8514
9954
11367
11036
9220
9772
11309
9086
13574
9383
8700
11261
1589
1674
2043
1829
1880
1274
1880
1659
1247
1429
1632
1346
1396
2684
2455
2294
2759
2684
2417
2820
2594
2577
2519
2545
2396
2853
2443
2282
2159
2562
2212
2823
4535
7149
6899
4123
5317
4604
5453
7068
4432
5003
6986
5146
4948
4780
8804
5438
10972
8130
10497
7252
8011
8589
9252
10724
10322
12346
6668
8947
8471
8606
10974
8516
4144
3423
3344
4330
3835
4042
4096
3805
3996
3964
4517
3251
4881
3577
3637
4074
5676
5533
3665
4965
4998
4512
3575
4315
7616
7367
5818
6017
5955
3856
5647
4611
16384
16384
16384
16384
16384
16384
12239
13169
15901
16384
16384
16384
16384
16384
16384
16384
8591
8252
13461
10340
10512
16384
9305
12261
12121
12138
14284
11185
14458
9471
14143
11752
2641
3793
3006
5123
3151
2848
1962
4670
5497
2556
2783
2655
2813
2335
2078
1894
1985
2117
2068
2117
1948
2186
2021
2388
2623
2498
2878
2140
2453
2314
3524
2697
4090
4133
3691
3266
3145
4338
4606
4526
4717
4050
2890
4097
3623
4328
3922
3943
5232
10686
7014
7550
5937
5931
8696
6490
5220
5692
7283
6941
7091
8090
5089
8939
6381
8650
7912
8739
7120
4623
7414
7588
8418
6404
6362
5076
6036
10407
9897
5358
7387
6928
7640
8589
8798
8195
7967
7325
6509
7785
6957
8434
7145
5943
7044
7267
4143
5926
5034
5346
4522
5488
5354
4068
5874
5217
4655
4445
5922
4638
4410
4371
7972
5471
9486
5893
6242
5645
6215
5279
3045
7304
7175
5533
6504
6509
5378
4670
4396
3814
3717
4488
4403
4580
5607
6851
3292
4230
3768
4069
3594
3694
4137
3380
