1799
3018
2552
2692
3056
3316
2229
2547
2883
2166
3124
2364
2335
3176
2217
3415
3445
4854
5568
3281
3625
4327
4561
3970
2770
4136
3697
4571
4372
3286
3776
3969
16384
16384
16384
16384
16384
16384
16384
16384
16384
16384
16384
16384
16384
16384
16384
16384
3248
3291
4179
3713
3480
3473
3282
3415
4040
4270
3885
3235
3858
3560
2730
2628
1049
1972
1632
1934
1836
1936
3180
1472
1588
1052
1074
2669
1175
1382
1626
2768
2885
2512
3305
2182
5103
2312
3286
1911
2839
2659
3094
2346
3332
3658
2856
3632
1776
2845
3786
3074
2413
2442
3185
2131
3573
3925
3049
2223
2259
2736
3453
3734
4641
6394
4800
6234
5988
11520
7531
5250
6177
5614
6832
6177
7280
5467
6267
5878
1329
1020
1586
1269
1442
1090
1483
1774
1411
1744
1503
1211
1111
1331
1475
1646
3781
5593
4313
5709
5829
5420
4533
3808
5925
5056
5029
5562
5373
4222
3811
4278
8602
6391
4342
5941
6968
7091
7562
8297
7449
4794
7614
5610
6230
6527
6012
7786
8526
8170
8327
8573
9040
8523
6581
6221
5849
6125
6649
8755
9986
6769
7910
7667
16185
16384
16384
16384
15657
16023
13105
16384
14565
16384
14802
14269
16384
16384
16384
13495
6123
5979
7747
6910
8126
7591
7466
8955
9271
6532
6597
7258
5708
7594
6976
6352
2341
3063
3215
1859
2364
2801
2483
1630
2565
2301
2796
2510
2732
1625
2119
1685
1966
2414
1924
1936
2166
1769
2248
2195
1798
2289
2000
2162
2407
1911
2501
2665
6895
7991
8068
6921
9496
6818
6541
7990
8095
6817
6823
5999
6540
9897
6285
9919
2497
2909
2617
3841
4304
3681
2815
2844
2491
3104
3546
3205
3723
2522
2103
3755
3360
4897
4753
3279
4255
6762
5067
3652
5869
5480
5467
4220
4681
4087
5847
6743
16384
16384
10887
10062
11940
16384
9503
14938
10717
15087
9472
16384
10301
6810
16384
9745
5094
5696
7978
6664
5458
6577
6016
5754
7308
6063
6193
5651
7427
6366
5664
8091
5357
3619
7172
5229
3993
3594
5426
5447
6143
5281
5499
6559
4653
5816
5573
5023
5545
4585
5476
6729
4742
5667
4713
4843
6514
4408
4617
5647
4885
4488
5012
5741
1844
2027
1998
2892
2390
1862
1317
2937
1747
1941
3467
2536
1404
1818
2033
2078
10999
12779
5658
14527
5541
7870
10010
6230
10344
13870
10319
8307
6779
14914
8596
6007
5182
4640
4881
6073
7880
4298
6415
4107
5631
5089
5120
6848
4496
5267
4342
5124
14518
9776
9244
12267
9812
11532
10385
12668
8934
9664
7874
9088
16384
10546
14622
16384
9618
9403
8053
8349
9576
7982
7938
9295
9801
10060
8715
7511
8041
6622
4650
8131
2821
4555
3253
3414
3600
4676
3206
4033
3030
4167
4417
3606
3309
3753
4884
3423
3693
3320
4022
4136
4357
4052
2996
4444
4254
4154
4531
5100
3791
5209
3718
3935
2800
2591
3180
2096
2536
2471
2248
2930
2753
3054
2898
3232
4282
3034
3083
2934
3079
4337
3770
4317
4527
3278
3086
3135
2720
3589
3208
3869
3480
3671
4348
3727
