4386
4433
4746
6040
5522
5413
5080
4569
5194
6118
7232
4782
5042
3843
4764
3975
7423
11662
7221
8519
10298
8377
9346
10186
10036
6969
7542
7185
8181
6962
9016
9622
8723
7439
7925
7941
7380
10078
7841
11114
7892
5280
5584
5334
5396
7049
6489
4966
5815
7142
7125
5820
6349
8226
11573
7210
6473
9056
16384
8785
6887
5969
6043
7045
5500
6920
4408
7826
4962
5725
6759
6394
8017
5511
4293
6646
4392
5653
4684
6382
2037
2025
1792
2119
1524
1941
1839
1449
1790
1526
1199
1168
1586
1613
1552
1777
922
965
932
884
1941
1113
1028
1073
1003
781
1813
1181
1053
1025
1240
1133
4137
2938
2839
3521
3463
3224
4163
3152
3933
3903
3561
3735
4928
3721
4740
4704
10971
10500
9490
8507
8630
9346
9661
10847
8620
9831
9846
10736
10046
8374
10172
10336
2675
3196
2693
3812
2693
3592
2697
2480
2803
2488
2766
2650
2850
3147
2335
3215
9663
13043
9409
16384
12390
16384
12027
16384
15155
16384
16384
13202
16384
7827
13514
15953
8211
8228
8987
6460
7209
10274
13053
7268
7597
7559
7329
7011
7573
10137
7543
7487
8056
7117
6667
7029
6280
7652
7372
6412
8663
7407
8791
7319
6496
6997
6914
6798
16384
13144
14809
16384
10997
14450
14447
12403
13092
15765
14351
15100
12641
12652
10666
15040
1539
2366
2008
1581
1722
1963
2126
1460
2014
1988
1667
1893
2039
1859
1766
2297
2276
2239
1901
2613
2812
2064
2301
2173
2260
1813
2179
2060
2438
1740
2444
2943
12596
9838
9580
8387
9954
7323
10435
9751
8970
9823
10970
10304
8613
9236
10084
9007
12437
11989
12173
10636
13430
10675
7537
9063
10931
14317
12220
7441
12529
12816
8284
7465
6513
5631
5938
6028
6298
6153
7047
5986
5146
6688
5770
6881
6573
7782
6692
4508
9398
9433
8350
10749
9376
10854
9547
12214
7911
11132
9411
8692
10734
10072
11908
9706
11751
9963
11909
13607
10175
12300
10073
11888
10363
8813
7164
13186
12770
9479
9291
7520
2863
2769
4024
2702
2948
2199
2804
2250
3312
3387
2714
3217
2567
2949
2350
2869
3352
4653
3645
3802
5023
4122
3957
4255
4521
4093
4450
2898
5168
5768
3751
4550
3012
2965
2900
3442
3121
2565
2805
3135
3225
3214
2998
2701
2864
3189
2964
2734
9057
5433
7430
5994
6014
5986
3704
5208
4230
4184
5715
8758
4954
5081
3796
4014
1816
2766
2584
3803
2106
2752
2294
2353
2084
2300
1888
3625
2415
3073
1790
2411
11120
15105
13764
10482
16384
10567
9655
11003
14589
11409
10946
13607
11989
9367
12966
10779
3472
3268
2608
3919
3405
3198
3350
3509
4257
3643
3574
3734
4974
3247
3772
4190
8648
8203
6536
6863
8983
6910
6848
8454
9050
10032
7052
5947
7733
9306
9304
7766
8039
6909
4462
5130
5396
6575
5117
5861
7502
6685
6180
6151
4666
5239
3936
5115
3621
3928
3371
3281
2648
2773
3425
2408
2739
2964
3527
3084
4488
2347
2473
2922
16384
16384
16384
16384
16384
16384
14813
13928
16384
16384
14364
16384
16384
15367
16384
16384
