5736
9154
7165
6076
10745
4458
9333
9561
7318
6793
12715
10516
6730
7126
9876
7280
4028
2756
4601
2860
3946
3030
4151
5239
3119
3937
5147
4300
3242
2816
4600
4001
9806
8463
7977
8853
10340
13986
7931
9732
8194
12753
7462
10942
7471
7789
8794
9439
10188
8961
8246
7801
9725
10814
10507
7580
7419
7159
6464
9389
9152
6849
6470
9444
1296
986
935
1501
1062
1600
1500
1194
1343
1093
1460
1475
1210
1021
1468
1230
1906
1790
3315
2480
2333
1819
2134
1863
2067
1463
1921
2702
2289
1913
1687
1929
4270
2258
4746
4627
3257
4096
4363
5117
4849
3473
3481
3786
3639
3510
3416
3134
8919
8060
10407
8662
9290
7477
7466
9185
9740
7723
6694
8454
11732
7423
9197
7638
5448
6482
6490
8513
5634
5718
6461
5575
6932
7267
6690
6311
5357
6812
6686
5906
7279
6638
6680
8628
6106
5303
5118
5922
5804
6578
8325
7238
6521
5070
6999
6570
5857
6758
5981
6267
6149
6840
5612
6913
5385
5786
5756
5102
5656
6449
6678
5975
10278
9940
6631
11213
9355
6815
9127
10141
9068
9778
8589
10538
9332
11075
8543
12366
2043
1878
2243
1516
2042
2484
2058
2226
2604
1921
2678
2045
1891
2197
1669
2575
5112
4280
2551
3344
4170
3336
3665
3556
3105
3237
4164
4378
2723
3308
2973
3838
11773
11369
7802
10809
9273
11578
12933
10749
10821
10585
11773
11204
12800
11317
9966
8683
3778
2743
4766
3242
4114
4797
3148
3417
2840
4655
4863
3633
4448
4360
3219
5502
2817
3164
3586
2571
4646
2274
2737
3741
2780
3020
5311
2971
2454
3548
4587
2119
5431
9419
9519
7468
4667
9041
8539
8722
7063
9158
6883
7793
6747
13183
7643
8776
6340
5408
5707
5045
7302
5444
7642
6203
6543
6033
6176
5540
7867
9378
7411
4513
7426
10031
9559
8954
10701
10923
11357
11852
7628
10261
12053
8382
10844
7639
15645
12466
6448
5475
7247
6457
6913
6229
7483
7299
7659
6150
5654
7844
6533
6217
7210
7489
4243
3711
3665
3965
4648
4979
4559
4385
3710
4611
4763
4548
3985
5040
3948
3565
1543
1719
1777
2240
1405
1139
1841
1652
1240
1575
1617
1426
1489
1507
1174
1477
11754
11086
15075
15748
16384
16369
16384
11788
16373
13990
16320
14721
16384
12082
12792
14294
16384
16384
16384
16384
16384
16384
16384
16384
16384
16384
16384
16384
16384
16384
16384
16384
3592
4508
2878
2913
3190
3496
2023
3537
2557
2984
4339
3610
3083
4453
3311
4057
7385
7149
6514
6905
5199
7484
6348
6425
7578
8118
6193
7617
5498
7508
8307
4942
3118
2382
2131
2308
2297
2488
1978
2641
3099
2842
1752
3333
2453
2062
2422
2062
5597
5407
4721
5161
4418
5298
6459
4113
4737
5520
5239
4457
4895
5904
4825
5018
15911
13545
14909
15621
13169
11262
14399
10702
11497
12197
11308
10918
14068
12175
14251
14044
1913
2006
1661
1596
1333
1695
2765
1840
1869
1977
1388
2732
1423
2099
2397
1577
2413
2822
3658
3333
3188
2902
2681
2856
2781
3455
2293
3141
3037
3050
2782
3104
