7494
12897
7294
5831
9238
9603
5899
7302
9799
7672
6591
8675
11398
8386
6832
6343
3766
3018
4342
2107
4627
3107
2483
3187
3421
4132
3133
3363
3626
3153
4484
3670
8899
7834
8037
8381
9961
9487
9821
11330
8517
9180
7825
9600
8486
9094
7461
9072
7730
6290
6501
4919
6364
7008
5380
5739
6663
4223
4322
6465
4646
4931
6698
5498
5477
5759
5450
5256
7652
5794
5741
5336
5998
5568
5154
4074
4939
5696
6254
5919
11777
14607
10892
11346
10109
10606
10039
14619
11760
11238
12102
9858
11707
13289
12400
12410
2557
2212
2746
1766
2043
2123
2170
2651
2024
3068
1877
2370
1863
2339
2040
2383
2770
3292
2778
3745
5125
3596
3540
3425
3230
2817
3543
2378
3328
2954
2920
5074
9044
8357
10619
10235
10097
10408
8249
9809
5763
7121
7055
8567
13094
8850
5577
6135
3852
4647
5045
4243
4587
4128
4616
4152
3769
2906
6182
5367
4643
5279
5179
3540
2339
2946
3539
2951
2994
2212
2171
1906
1875
3020
3596
1720
1951
1911
2340
2208
9644
7284
10584
7096
8003
9917
7197
7848
9551
7701
8192
7516
9514
5886
8277
8698
4294
2623
2936
2943
2838
4038
2601
2399
3206
4124
3625
3753
1973
3125
5372
3156
1009
1760
1605
1633
1928
1471
1206
1990
1400
940
1145
1361
1470
1592
1294
2064
2478
2834
2848
3164
2767
3225
3499
3001
3450
3125
3165
3156
2573
3320
2976
2629
3903
5606
6617
4655
5728
4305
3262
5397
4090
5219
5443
3577
5962
4892
4279
5816
5376
4809
7398
6143
6393
4707
5617
5131
5238
5587
4451
5283
4964
4286
3769
2834
2186
1746
1691
2204
1795
1663
1615
1938
1952
1732
2264
2201
1342
1705
1947
1543
2862
5091
2339
4194
3664
3557
5472
5926
3307
2813
2037
4762
3388
3188
4036
3359
2128
2367
2413
2128
2086
2422
1666
2035
1956
1972
2254
1746
1932
1794
2201
2391
6973
6458
5139
6562
6751
7436
5418
5636
8268
6149
7188
5629
5362
4590
6883
6397
5389
5803
3891
5502
4755
5506
5387
4299
4245
5144
3803
6935
4385
4719
3649
5269
3729
4644
5239
5566
6179
5467
4639
4241
4802
8252
4912
5209
4431
6659
6090
4891
6979
6931
7135
11492
6179
7700
7042
7088
6689
9367
7813
7475
6503
7123
5997
7162
1504
2399
2382
2021
1652
1828
2087
1875
1940
1961
1671
1548
1820
1692
2173
2164
5671
9003
5334
8737
6482
5463
6325
6418
4848
4895
5227
15179
4479
5903
5592
7360
2565
3063
4049
2898
2939
2675
3149
3452
2614
3365
3201
3101
1364
2539
1887
3326
1644
1776
1285
1493
1908
2557
2178
1631
1284
1491
1354
1578
1715
1637
1174
1863
6828
7613
8337
8001
5554
6585
7914
9112
7171
7718
6265
5824
7222
8463
6397
7218
3650
6004
5820
3717
6309
6168
5461
5210
4672
5482
3933
6955
5426
4223
5315
5806
6427
5974
5265
8164
6072
6707
6247
6050
7477
6710
6420
8350
6042
7987
6316
7239
1906
2836
2426
2248
2261
3369
3698
2718
2312
2887
2181
2989
2422
3456
2608
2297
