9060
9179
8024
7750
8631
9889
10791
9086
7958
11161
9305
8867
10027
8401
11427
8530
9291
9363
11311
9590
9430
8452
7819
10222
8996
8454
8893
9788
7436
8592
8205
9254
11084
12451
9735
9157
10701
10680
10252
9034
12980
10841
13359
16384
11949
8192
16384
7595
5057
2772
4560
2483
3885
16384
16384
3115
4505
4491
3046
4385
3597
4307
3852
2716
6519
5922
5745
8633
4745
6144
7188
6194
5570
7114
5278
6125
5779
5322
5157
7139
11351
10646
11137
11069
11507
16384
11723
13169
16384
9872
13231
16384
15194
10123
14084
11783
6486
5337
7038
7012
6966
6991
8513
8913
7395
5859
9004
6389
6489
6289
7369
6022
12567
10589
12160
12442
10145
11265
10139
14770
7338
9403
12251
12765
11438
11250
16384
11939
7697
8250
9934
10977
8005
6553
7018
7039
7478
13652
7373
7743
8466
8645
10491
5113
16384
14929
14447
12967
14138
13879
15707
16384
11379
16384
12772
13247
16384
15395
16384
15653
16384
16384
16384
16384
16384
16384
16384
16384
16384
16384
16384
16384
16384
16384
16384
16384
7651
7217
6102
6211
7599
5511
7925
6468
7144
4804
6589
5984
6549
5631
7688
6832
12576
11856
10140
10256
9935
12090
6669
12902
13369
10179
12410
5951
8679
11799
16384
10787
8700
12564
16384
8714
9177
9235
7527
10295
9356
12172
9374
8581
10049
9088
11034
10284
6374
7425
6296
6009
4337
7934
6169
5667
7642
7004
3595
6027
4715
4364
7622
7639
12382
12112
12070
13962
10399
12247
11832
16384
12025
11156
16384
16384
9554
16384
11366
8282
11342
8668
8727
11230
9108
7975
8773
8164
6896
12710
12958
11073
12308
12622
9031
15604
9901
8897
9987
11225
13899
13803
12412
9804
10865
11962
10034
10435
12557
9263
11094
13552
6009
5282
5886
5723
6012
6437
5358
5759
5755
5274
6452
5223
7473
5347
5680
5234
16384
14417
16384
8566
13067
15551
13671
16384
9906
16123
13160
16384
10845
10643
14805
9658
8474
7720
6002
8406
7430
7319
10255
8013
6118
6403
7812
6982
7858
7454
6010
5455
16384
16384
16384
16384
16384
16384
16384
16384
16384
16384
16384
16384
16384
16384
16384
16384
8314
8389
10397
8143
10456
10720
8178
10698
9773
9722
10108
6949
7911
6424
7618
12465
16384
13672
14102
14634
16384
16384
16384
14934
16384
16384
16384
16384
14357
16384
16384
16384
8727
7154
6545
6531
7379
7210
8636
8375
8179
8733
8369
6750
7560
7386
6852
8132
14763
16384
16384
13427
16384
16384
13856
16384
13063
16384
13044
16384
14754
16384
15623
16384
9423
6701
8600
7248
6658
9009
6871
7184
6249
8316
9346
10106
7124
6202
7730
5354
14515
16384
16384
16085
16384
12902
16384
15929
16384
16384
16384
16384
16384
16384
16384
16384
5187
7231
8053
5980
7891
5253
6043
9409
5184
6098
10662
7544
8118
6895
4828
6665
13927
15381
10525
16384
16013
15795
16384
9943
16384
16384
16384
16384
15993
12704
13429
13624
6970
5804
6880
7733
4251
8560
11989
6267
5187
4663
6204
7507
8239
6509
6195
5624
16384
16384
16384
16384
16384
16384
16384
16384
16384
16384
16384
16384
16384
16384
16384
16384
