2256
2303
2173
2877
2403
2648
1847
2911
1972
2144
2031
1727
3350
2114
2085
1911
1974
2134
3441
2088
2815
2807
2137
2539
2201
3581
2035
1895
2862
3344
3275
2501
3178
2599
2813
2402
2314
3235
2407
2686
2376
2921
2568
2218
2374
2117
2286
2316
4053
3630
3586
3347
3466
3297
4049
3625
2794
2952
2999
2611
3310
3638
3357
3845
3555
3162
2503
3249
2876
2963
3211
3011
3415
3588
4062
2909
2854
2655
2989
2256
3103
2173
4120
2428
3198
1953
3503
2769
3289
3055
2815
2823
3422
2265
2830
4568
2395
3296
3034
3845
3850
2929
3093
2883
2673
3009
4794
4576
2470
2855
3370
2057
3493
2701
2222
2826
2638
2265
2572
2559
3249
1899
2383
3036
2247
2342
3323
2590
4149
2578
2251
3547
4190
3727
2123
3885
3534
2757
3702
3810
3213
4587
3067
2239
2777
2451
3895
3283
3622
2978
2634
3030
3248
2814
3444
3175
2618
2672
3420
4050
4469
2457
4550
3680
3192
3569
3329
3269
3992
3421
3486
5427
3819
3774
3380
2974
3572
4327
3786
3823
3591
3774
3668
4919
4164
2799
4179
3492
3425
4357
4493
3419
3040
3253
2828
3226
2843
1819
3505
2972
3272
2682
3644
3884
4975
3576
2757
3800
3072
3478
3181
2901
3202
3157
2438
2806
2641
2441
3212
2938
3270
2910
2898
3500
3926
3888
3363
4158
3944
3062
4050
3511
4350
4489
4478
3761
3985
3226
4338
2936
3240
3290
3371
1833
1752
2682
2995
3088
1953
1422
2969
3160
3491
3526
2746
3341
3571
3623
3099
2860
3893
4296
3427
3297
5234
3994
3542
2856
4697
3412
2611
2539
4535
3388
4332
4441
3575
3842
3682
3608
4422
3371
4360
3574
5157
5259
3746
4262
3001
4261
3101
3121
3224
2468
3004
3389
3561
4456
3716
3693
4899
3755
3946
4057
4618
3872
6035
5069
4054
3571
4127
4621
5175
4244
4622
4453
4709
3265
3603
4046
4353
3757
4028
5447
3531
2307
3481
2891
4454
2517
2909
3956
4526
4163
3083
4436
2000
2166
2223
2315
4001
6029
1501
3381
3829
3492
2719
2610
2167
2018
2457
2388
5169
4177
5837
3193
3086
3967
4292
3642
4959
2829
4383
3779
3179
4192
4426
3135
3653
3687
5313
4133
4735
4153
5417
3714
5128
4125
4140
4639
3312
3968
3898
4267
3678
3606
3683
4672
4185
4561
3428
3934
3563
3817
3644
2683
4189
2850
3521
3639
2815
4395
4161
3078
3608
2787
3261
3344
5350
3321
4505
4497
3097
3860
3056
3298
3716
3461
3966
3984
4302
3468
4236
4311
3419
3731
4796
6175
3252
3968
3538
4292
5075
6410
5003
4699
5945
4463
4786
5708
3087
4414
4772
4954
4800
5286
3864
4593
5271
3732
3729
3935
3869
4478
4439
3634
3702
4755
5555
3815
4677
4140
3740
4445
4855
5138
5057
5482
6537
5473
5242
6293
5528
3536
4706
4938
4958
5335
4238
4819
3673
4813
4262
4930
3160
5433
4820
4922
3770
3620
4388
4902
5532
6034
5370
4041
2013
3009
3073
2595
3470
2926
3237
2401
2889
2369
3714
2547
2606
2741
2210
2687
