4811
4069
4744
4012
4910
6340
4392
4252
5344
4845
5204
3966
4602
4271
4920
4981
3748
3683
4921
4630
5408
5070
4052
4109
4516
3849
3593
3901
4322
6133
4835
6346
3203
3974
4999
5122
5045
5033
3840
4227
4632
4698
3834
3980
3825
4172
3342
4771
4097
4988
4400
5981
4175
3492
4141
6014
4600
5102
5265
4954
4394
3972
3324
4800
2950
3174
3119
4262
6517
5153
3623
3741
4008
3162
3256
6019
3140
3088
4837
3213
4245
3804
6434
4764
5514
5771
4311
4921
3567
3623
3199
4085
3956
7920
4125
5212
4060
4929
3647
4424
3477
4395
5230
3401
3717
3704
6102
5051
3911
3847
4136
3675
4560
3472
3665
4401
5480
3728
6641
4229
5644
4117
3996
4028
4967
5243
5049
3006
4197
3717
3668
3970
3968
5890
3199
5341
5250
4884
4115
3740
5781
4333
3854
4107
4919
5328
6500
4882
5472
5193
8524
4870
5713
5100
5198
4878
5620
4319
6412
5918
5605
5218
4772
4224
6631
5816
5072
5112
5802
5114
4316
4716
4577
5896
6294
3566
5776
5107
5454
3888
4294
4253
5216
5207
6403
5113
6486
4703
5232
6090
4519
5472
4391
5277
4761
6597
6455
6536
5029
6129
5548
5993
5616
7477
5096
4823
5413
4479
5392
4145
4794
6683
5078
4942
5159
5203
5214
4755
6637
6055
7132
6570
6116
6396
5839
5468
6448
6812
5115
5939
6179
5833
5853
6281
6567
6358
5894
6353
5242
8515
5328
4641
5711
5241
5402
5430
5426
5051
6565
5749
6750
5491
4153
5167
5555
5230
3756
5299
4524
4872
6107
6114
5483
5675
3331
6881
5222
4790
5618
4327
4471
6803
5424
4578
5474
4701
6479
6530
4640
7554
5363
5498
5192
5326
4268
4863
4881
6717
3148
4637
3065
2848
3504
2889
2916
3661
2700
2561
2449
3013
3275
3149
2776
3037
7032
5426
6358
6537
5680
5130
6514
6434
6206
4400
6067
7104
5902
5184
4754
6831
6042
7894
9355
7181
8287
6812
5803
5504
6581
5840
4528
7006
6443
6671
7084
7231
3224
4232
4392
4666
3351
4216
4115
3621
4729
3277
4486
3772
4641
3435
4086
4230
5633
5941
5244
5071
4763
5699
4923
7675
7758
6467
5315
4183
6457
7329
7376
6569
3595
5854
5279
5824
3834
4899
5633
3996
5414
4889
5671
5342
5673
6451
5796
4887
8310
5446
8380
7358
6980
6858
5500
7006
5533
6767
5670
5746
5426
6934
6021
7684
6624
5618
7895
6439
6409
6142
7236
5741
5739
6947
6671
6733
6026
6748
7531
6667
5155
4823
5845
5846
5234
6725
5425
4756
4179
5546
6466
4175
4474
5257
5594
5166
5649
4288
6437
6454
3903
6500
5369
6371
6692
5607
6209
5028
3969
6258
6840
4485
6689
5612
6625
5163
6351
6918
5672
7088
6048
6751
6505
6304
5654
6295
5655
5465
4919
6403
6160
6806
7995
5472
8482
7599
7696
5606
6222
5509
6459
9364
6035
7650
6072
6507
5901
5951
7467
5458
7494
4941
6124
3993
5756
6507
5017
6348
7098
8562
3873
7393
6436
6545
5046
7880
5363
5284
5102
6178
5017
6420
6845
6550
6772
5058
