5528
4063
5800
8764
8707
7618
6920
7011
7223
7411
6440
9207
8967
7478
6315
6997
6495
7469
6020
7784
6549
6944
8794
7530
8007
7471
8610
6506
6217
5416
6955
6290
7376
6512
6192
7809
8444
7447
5733
6086
5937
7680
5547
6951
7056
7446
8746
7254
7688
7998
6842
6993
5745
5781
7666
7989
6900
6577
5384
6557
6504
6266
7724
7099
8707
7398
6267
5897
5905
5262
5685
10343
5972
7490
8006
6064
8631
7645
6658
7740
5124
6425
4799
5750
7447
5911
5022
6401
5128
6788
4653
5210
5393
5288
4198
5340
4343
4238
8773
8612
9756
8223
4563
5146
9079
7163
7053
6291
4924
6891
5759
7805
8231
7473
9625
6546
7294
7533
6960
8122
6946
7733
7076
6395
7115
6330
6977
7674
8052
8467
7328
7814
8763
7762
6990
6306
7760
6941
6810
7587
7512
6597
6932
7332
7700
11972
10648
5898
9701
7095
7946
5858
6602
4813
8498
12269
7335
7248
15009
5025
8308
7059
6329
6119
8450
6267
5628
7402
6841
7158
6555
6158
6430
6213
5691
8422
7175
7285
7252
6962
8164
6189
7985
7094
7628
6064
6643
6392
7190
10775
10399
8073
9026
11715
8057
9138
10427
5427
11057
5276
4489
7512
4716
5597
7512
7073
6736
7328
3965
5915
6872
6891
6026
7660
10281
6377
9848
11207
9839
6016
8317
7471
8383
9185
10871
9604
8152
9129
8933
9178
10634
10121
10559
8038
9667
8841
7643
7656
8005
11045
10287
7271
7671
7576
7107
5841
8430
9751
6201
5724
9908
7256
9115
9061
7431
11046
10266
10642
16384
9356
6985
9430
7567
6468
8543
8312
10816
13863
8227
7731
7782
9689
10720
7475
7179
12456
10011
8675
6506
8476
7026
8568
6421
8203
9069
8411
8387
8061
9423
5812
7056
7995
8431
12247
6677
6597
11536
8140
10085
10945
10715
12550
7502
6281
9925
9516
9788
9845
9778
10582
7961
8286
8820
9501
9735
9235
9659
8878
9374
9280
6963
7222
7352
9314
7779
11137
10864
9133
6151
7783
7887
8077
7987
6280
7552
8152
10880
10358
9762
10016
7499
11124
10022
12445
9371
6885
11656
7415
6659
10123
9556
7722
8103
7343
9452
8414
7918
5221
7403
8404
7713
8076
9962
7707
7329
6895
7541
8257
10595
8271
10022
8794
9253
10976
10177
10618
11347
9821
10178
10052
8833
8137
10867
9480
13327
12122
13454
12096
13099
9412
12712
11251
10985
12423
10509
11985
12242
11716
11199
10015
11012
6211
9114
6676
9360
9595
8610
8645
7988
7044
12923
7929
7642
6740
6550
7905
12981
14971
10080
12606
12971
12637
13455
11638
11144
15470
12901
13211
12799
14089
12206
10381
8704
6940
6827
6973
10582
9544
9789
8446
8997
6059
7350
6489
7460
10088
6829
7610
12828
12187
11874
9508
11771
11432
11798
11483
14363
14516
10356
12326
11666
16384
12623
12295
6287
5015
6617
6599
4861
4591
6663
4905
5896
5496
6439
7648
13546
10274
9145
4622
11900
12283
13394
12240
15969
13358
10733
12357
13046
11116
16104
16384
11812
16384
11714
16384
8597
10269
8678
8958
8066
9632
10253
8388
8110
9715
8504
6896
10618
10741
8435
7881
