1620
1811
1842
1744
2420
1935
1943
2403
1957
1665
2423
1751
1865
2034
2199
2346
7628
6947
5798
6189
6146
6028
6425
8396
4514
6257
6769
6071
6375
3851
7227
5942
10465
9957
9879
9485
8826
12722
16384
9844
9515
13550
8636
12045
8581
14423
8453
9445
1137
907
1309
1594
2177
1436
1470
2163
1083
1028
1217
1608
1214
1478
1193
1399
3191
3451
3128
4654
5450
4120
4549
3988
3595
3705
3206
3862
4517
4455
3388
3740
9432
7297
11290
8277
7276
8967
7833
7535
9558
9767
6513
5991
7804
6321
8224
7305
2876
2965
2959
2565
2417
2788
2397
3408
2187
2650
3115
2716
2647
3322
2648
2567
7854
10210
13115
14710
9056
12270
16384
9082
5868
7357
11775
10755
11834
10937
11450
12681
6864
7115
5589
7582
4971
7064
6775
6504
6334
5058
9406
6390
6819
7888
8079
4047
3145
2533
2096
2223
3592
3805
2077
1835
3216
3110
2648
2709
2199
2800
2515
2040
4079
3263
3951
3060
3939
4755
4733
3487
3770
3866
4079
3644
4406
3472
3725
3646
5262
4583
3778
4252
2938
4243
4039
3876
4333
4475
3202
4705
5501
3959
3891
3863
2189
3917
1988
1836
2357
3384
2115
1835
3377
3547
3291
2995
3350
1989
3226
3925
5264
5518
5689
5019
5738
6367
6927
5627
6062
5178
5229
5676
6012
6056
7094
4464
1754
1244
1542
1369
1949
1370
1364
1188
1175
1522
1453
1086
1491
1338
1186
1699
8540
7741
7283
7320
8744
9160
6288
8873
6144
8154
7464
9517
12234
8570
8239
10493
4767
5333
5062
7111
4919
6284
4981
5518
4996
5307
5884
9323
4406
5142
4315
6206
6493
5925
5609
3836
4588
3636
5836
5606
5527
6174
4227
4404
5590
4684
7094
5501
3119
3090
2487
3244
2940
2989
2852
2448
3593
2418
2811
2564
2622
4569
3311
4009
8648
6750
9426
9184
9982
12604
7023
8382
7599
11486
9027
10268
9289
9143
9460
12772
3456
3473
2726
4053
3202
2998
3232
2938
2559
3435
3150
3000
3961
3531
4202
3224
5796
6122
5339
5409
4625
7229
6187
6984
4379
7939
7796
6018
5279
5528
4304
6035
8107
7812
7702
5914
9885
6214
8861
7615
7462
6881
7030
7187
9148
9705
6636
4975
9791
10229
10480
10133
16384
13730
13295
13569
16187
13866
10259
10971
11002
12441
14025
11636
16384
14310
10348
12145
10704
13000
14898
11890
15552
10025
16384
16384
10919
15951
11260
14360
13516
16384
16384
12734
16384
16384
16384
16384
16201
16384
14605
16337
16384
16384
16384
16384
6235
6089
5664
6434
5385
5953
6694
5525
6948
5769
7747
6452
7905
7230
6799
6875
7722
8958
9616
7152
8030
7175
7734
5957
7400
8072
7410
5856
9019
6308
8379
7488
2681
2329
2333
2487
3768
2337
3303
1801
3459
3377
2219
1930
2979
2499
3005
2715
5884
6398
6324
6510
6665
4482
5200
5601
5514
6023
6738
5827
5440
5084
7306
5388
16384
16384
16384
16384
16384
16384
16384
16384
16384
16384
16384
16384
16384
16384
16384
16384
2091
1845
1899
1980
2061
2356
2120
2287
2051
2727
1931
2045
2207
2585
2509
2830
