11695
11399
10503
10545
12380
9621
10906
11801
9840
9696
12552
9872
10816
11406
11028
12403
2647
2097
2356
2177
1790
2634
2207
2376
2233
2975
2426
2071
1527
2531
2467
1722
1869
1674
1722
2002
1871
1922
2476
2050
1899
1973
1913
1876
1256
1949
2038
1735
6520
6558
6359
6461
5618
6858
6673
6058
5771
5684
5851
5155
6884
4703
8518
16384
4537
8551
9154
8901
9184
7984
7584
8159
10592
9701
9103
7152
7106
7493
9093
8884
2551
3993
4234
3043
5132
4965
4004
4048
3685
2939
3761
3496
5518
4167
3881
4424
7057
9046
9912
7171
10736
9885
10024
8882
7705
8309
10003
10346
7089
8079
10230
9391
10458
8427
6845
6642
9856
5519
8839
10855
7470
5410
8313
8190
10764
7210
6098
8117
3736
2543
3490
3599
4047
4697
2845
3842
4417
3083
6225
3475
3243
4108
3747
3715
7107
8558
5266
8193
8325
9577
8227
6329
7820
8289
6077
7892
9111
8547
7578
7389
4338
4651
3353
3308
4499
4054
3547
4073
2579
3287
3138
3822
3345
3406
2930
1947
1358
1521
1310
2069
1380
1534
1786
1623
1464
1738
1402
1674
1378
1323
1468
1533
7211
7199
6738
4924
9225
7008
5751
6567
7002
7333
6699
5995
7584
9187
6505
5980
5265
3170
4416
3773
4011
2811
3241
2774
4357
4733
4864
4909
3655
3490
4196
4771
8833
8587
7212
7050
8635
7398
6716
6845
8509
7735
6597
7190
6699
7264
6839
6956
4006
5164
4842
4283
4724
5979
7114
6483
4967
5151
5446
5566
3197
5681
5366
5335
9445
16384
8284
16384
10815
10063
16384
8311
10844
9714
9289
13896
16384
14111
8632
11394
4729
3926
4132
4799
3646
5081
5798
5794
3475
4070
4466
5605
4761
5376
4805
3491
3130
2163
3304
1866
1975
3085
3937
3309
2868
2456
3195
3263
2671
4278
4892
2489
3291
3502
3228
4350
5103
2789
2373
3338
2717
4051
1911
3363
3817
2728
3686
4239
6788
5959
6316
6257
7519
7143
6856
7568
8023
7750
7784
7473
6202
6993
6606
7124
2807
3235
2834
2633
2925
3018
2932
3447
3186
3037
2466
2672
3089
3521
2681
2808
1618
1571
1622
2126
1719
1524
1573
1475
1629
2172
1668
1392
1795
1860
1796
1744
5244
7729
7797
5839
4687
6971
11321
6395
9062
10399
9037
7049
5691
8259
10160
10607
5337
4635
5307
4960
4952
4972
6435
4364
5428
4210
4616
4964
6952
3425
5425
5549
9840
8050
9197
7186
9434
9421
5656
9078
6898
9021
6593
5461
6920
12607
7873
9063
16384
9441
16384
12956
11594
14221
16384
9569
16216
16384
11797
10101
16384
10041
9856
16384
6001
6699
7790
5268
7097
7140
8733
5496
7999
7798
7140
9080
8236
8167
5687
7162
7377
7270
5067
7065
6522
5527
8571
6231
16384
5815
9559
9009
6333
8728
6484
12594
2938
3508
3977
3221
4097
3919
2436
3704
3472
3167
3056
2800
16384
4466
6041
3868
7012
6205
8339
7271
8709
10602
11267
9893
9092
9586
8251
8045
6700
8395
8017
7960
7260
5371
5804
6245
4483
5840
6752
7827
5098
6260
6098
7902
4208
5839
7762
8451
