2292
2644
3693
3879
4477
1948
3250
2562
2332
3795
2627
2732
2306
2435
3117
3420
3856
4192
4129
3970
4660
4366
3694
3471
4383
3496
3172
3840
4647
2898
3478
4063
8723
9067
9911
8540
6672
7566
6832
11344
7412
8394
7882
9144
11290
7260
9371
8548
1360
1898
1710
1590
2639
2290
2234
1819
1990
1687
1717
1577
1951
1470
2179
1931
1616
2872
3013
2208
1655
1618
1884
2189
2995
2098
1460
1869
1864
1565
2297
3087
6071
4773
4570
5362
5543
4406
3749
5241
4810
3680
5900
4862
4508
4957
4672
3961
14587
14643
16384
15902
12779
12917
16384
13520
12815
16092
12269
15151
15461
16384
14085
15616
2856
3167
3123
3145
3026
3559
2699
2106
3419
3241
3298
2991
2667
3343
3653
2830
1663
1687
2076
1020
1944
1946
2315
1388
1283
2088
2165
2284
2182
2442
1637
2120
3621
3259
4589
3861
3583
3978
4251
5196
3557
4755
3871
3837
4490
4076
3042
4279
3102
3137
3023
3224
3476
3647
3285
3094
4514
2596
4362
3203
2491
2169
3653
2512
14246
13301
15201
14812
16384
16384
13220
15783
16384
16384
14939
16384
15440
16384
14629
15015
6025
4098
6544
5653
7869
7783
4490
5488
6032
4844
4785
5572
8202
5376
15070
5290
4537
5650
4734
5796
5137
5815
4590
4772
5352
3445
4719
6931
6711
5710
4274
3751
8431
6269
6415
8193
8366
7683
7410
6479
5456
5855
6708
6170
6514
4421
6574
6128
16384
16384
16384
16384
16384
16384
14821
16384
16384
16384
16384
16384
16384
16384
16001
16384
3564
6307
3521
4796
3919
5304
4824
4761
4231
3022
4353
5733
3667
4927
5973
3579
3375
3522
5240
4073
3110
4397
3766
2436
3302
3190
3494
3633
4538
2782
4437
3097
10470
12516
11756
11955
13662
12580
14351
12128
11783
14541
10484
13332
13509
14231
13565
12878
13080
13541
9654
9312
11333
10077
11365
12155
10910
15837
10196
11598
11755
13684
14516
11504
1981
2570
1927
3301
2338
3667
2490
3036
2900
1679
2172
2536
2857
2942
2480
2259
3700
4384
7440
3778
3451
3511
3873
3662
4474
3391
6625
4388
7614
6813
3642
4779
1405
1447
1578
1491
2074
1223
1211
1311
1489
1307
1196
1612
1738
1245
1760
1605
5897
6020
5530
5809
5839
7356
4156
5418
6675
8313
6603
7404
6936
5929
7280
5242
2175
1886
2832
1886
2900
1937
2374
1863
2003
2959
2329
2560
2298
2084
2727
2563
9625
12426
16297
13108
15091
11952
11019
13978
14469
13957
11991
12102
13766
12986
15416
13708
15045
13118
15821
16384
10148
13388
13349
15364
10101
10921
10489
11679
13139
11280
10457
12368
4982
7713
7677
5185
6215
5723
6908
6278
5245
5722
5716
13253
7828
7686
6438
7028
5455
6074
5106
6639
5605
4144
6260
4140
7266
7780
7663
4860
5735
5646
5476
4321
3489
4947
4860
4370
3144
4459
3154
3761
3095
3432
3064
3485
3141
3041
4627
2808
5373
11939
6115
5051
5583
11202
5633
5808
6321
8864
7049
7870
5946
4042
4736
6165
8740
14944
9529
10862
16384
8454
10959
12236
8466
10970
10798
10614
12048
9607
14124
16384
