6422
7123
6684
5773
7158
6782
6696
4940
9106
6355
8828
5974
7715
7109
6356
7810
6385
7794
4565
5111
7249
4413
5528
5428
5366
5387
5187
4773
4212
4758
5046
7607
1700
1423
1911
1609
1987
2209
2156
2182
1941
2352
1641
1541
2579
1981
1724
2515
7109
6201
6858
7742
6169
6167
7572
5701
4680
5242
6309
6008
7814
7537
7712
5390
3659
4176
4997
3505
4088
3243
5849
4382
4229
6006
4202
4946
4538
4091
4068
4084
1097
1093
1416
1132
789
701
1126
1200
1361
947
1018
876
940
1442
934
1234
10660
8547
8627
7529
7715
9139
7916
9528
10219
7854
8653
10276
10263
9478
10881
7391
5035
6232
3732
3216
6627
6757
5677
4118
3113
5151
4450
4526
4827
4031
5182
4069
3187
2747
2555
2342
2460
2816
3339
2785
3042
2422
2005
2895
2587
2791
3096
3007
4370
3302
4765
3560
3013
4846
3938
3706
3705
3000
4613
4720
3796
3144
5073
4544
2881
3515
4011
3680
5163
5503
6132
3639
4632
4217
3422
4119
4640
3861
4829
2513
7556
8825
7848
7842
6641
5994
7258
7105
7715
5351
6914
7035
7581
7883
6169
6104
8223
11281
9843
6484
9713
8368
9287
11180
9529
9463
9825
8688
9495
9667
9094
9292
6601
7658
5690
6730
6201
6805
6062
8697
6620
8380
5801
7263
16384
6963
7149
5989
10450
5862
5447
5973
8571
6362
5094
8806
6030
6882
6915
6935
7925
6985
6058
7915
9949
7318
7544
10308
8618
8899
9414
9214
9001
11221
10368
10732
8509
9594
8359
8190
4741
5900
5792
6124
6083
4668
4873
6475
6013
5919
6942
6149
3714
6285
4361
3971
3111
2574
2989
7229
2366
2846
2744
2857
3432
3518
4200
2900
3096
3525
2705
2772
2467
2506
2589
2654
2707
2558
2448
2546
2602
3410
2625
2443
2809
2412
2750
2518
1695
1940
1910
1659
1911
1773
1831
2030
1766
1772
1842
2070
1755
1526
1890
1503
16384
16384
16384
16384
16384
16384
16384
16384
16384
16384
16384
16384
16384
16384
16384
16384
6187
7485
14998
9284
6191
5741
9635
7374
5526
16384
7958
5080
9812
6943
7388
8678
5761
3927
5352
3186
4598
5531
5607
4820
4609
4375
4937
4488
5505
4667
5675
4861
10156
8858
8772
9502
8277
9871
9101
9266
10254
8154
7822
10766
11839
11764
9149
11713
3351
2790
2423
2398
2038
2457
3206
3522
3713
3359
3185
4046
4741
3127
3976
2430
8507
7270
10212
7927
8838
9741
8092
8316
11502
7539
8490
8009
7731
9911
8519
7667
1174
2874
1041
2045
1580
2376
3005
1819
2003
1701
1415
1613
956
1258
1117
2011
9946
9063
8082
11559
9491
14024
10367
8778
11832
13120
7778
8799
8715
11330
13411
8046
2132
3994
3090
2003
2092
1971
3574
2355
2282
2294
2264
2586
2487
2137
3404
2316
1985
3616
3393
3136
2397
2149
1956
2529
2120
4310
2418
2797
1950
1984
1757
3306
3640
5319
5202
4253
4557
4113
4191
4446
5594
3925
4395
3689
4979
2950
3437
4733
2855
2190
2690
2565
3550
4091
2205
3692
4003
2289
5881
4302
2218
3865
2646
2834
