7117
9802
10110
7294
6017
10295
7854
10129
11089
6845
7127
8634
10181
6793
6406
8193
8843
5942
6050
7927
6031
7559
7959
6011
4720
8075
7090
6616
6609
5590
7572
5523
3160
3223
2275
3048
2245
5248
2271
2998
1755
2225
2384
3227
2922
2189
3864
2312
2067
2202
2823
2710
2027
2135
2698
1972
2105
2776
1754
1799
2786
1864
2585
2000
3539
5308
3667
5197
4355
3392
5644
4369
3944
3956
4998
4638
5642
3830
4180
2942
7336
6913
7923
6465
5140
6424
7853
7920
5728
6499
7200
9880
6599
5382
6962
4394
3069
4245
3423
3940
2771
3385
2683
3276
2908
3745
3373
2465
3025
2261
3347
2354
2847
2944
3806
3970
2821
2319
3351
2686
2580
2180
4751
2952
3093
2786
2708
2605
3398
2104
2000
2281
2579
2129
2163
2204
4499
2499
3001
3843
2079
3246
2435
2627
5718
4959
2441
6666
3980
3573
3694
5386
3587
4769
2763
3067
4607
6138
3856
3363
2271
2327
2093
2253
2002
2259
2111
2147
2005
2288
1808
1652
1739
2095
2000
1733
5029
4555
4071
3983
4411
4168
3603
3614
5249
4682
4290
3838
4483
4162
4403
5394
11301
11638
11281
10259
7493
12098
8120
9016
13536
10873
7974
7636
7984
11382
10689
10121
2283
2142
2644
2343
2211
2778
2018
2191
2268
2087
2280
2242
2244
2651
2184
2479
2229
2364
1751
2056
2219
2530
2201
1637
2185
1756
2441
2177
2107
1663
2150
2230
10118
9217
10003
10456
7493
9042
7975
7841
7577
9711
7911
8496
4219
9217
6975
11109
2162
1737
1287
2216
1837
2497
2637
1597
2698
2067
2029
1445
1569
1350
2274
2436
16161
10695
8342
15513
12682
13764
16155
10699
15078
16384
11070
12494
12125
14941
16384
9469
6219
6652
6520
7089
7385
6359
7595
7213
5675
7049
5767
6536
5489
4631
6765
5471
5064
5104
5296
4358
4488
4908
5328
5716
5327
7920
4396
5415
5980
6166
3875
4502
4862
7267
5550
5960
8151
9778
7536
8312
10711
10380
6522
5443
8829
7502
8575
9906
6846
5847
5292
4851
4812
5159
5217
5519
5527
5450
6308
4717
5739
5060
5681
5231
2715
2942
3448
2804
2713
2598
2628
2722
2818
2656
2739
2775
2800
3234
2652
2783
16384
16384
16384
16384
15966
16384
16384
16384
16384
16384
16384
16384
16384
16384
16384
16384
7152
6822
5037
5475
4933
3819
5422
5462
5421
6046
5172
3987
4274
4932
4853
4872
5939
6811
6404
5268
5188
6572
8265
7027
7685
7605
8055
6671
6404
5101
6452
8016
4113
3971
5085
4832
6224
4689
5633
4770
4544
3473
3702
4867
4240
5143
4544
4440
6374
6199
4557
3943
3259
3268
4308
3381
3136
5893
3635
3446
3725
3454
5636
4681
5460
3726
5790
5180
5512
4687
5288
6163
3533
4035
5993
4939
7007
4492
4662
5540
9149
6863
6356
6607
7371
5020
8439
6389
7700
7518
7239
5944
6561
5495
8339
6615
1938
1629
1727
2413
2055
3166
2378
2102
1729
1853
2650
1797
2202
1910
1771
2026
1060
1258
1164
1195
1113
1527
1135
1595
1039
1386
916
1238
1073
845
1624
1105
