4542
3398
3443
3952
5728
3455
4514
4016
4485
4318
4677
4833
5388
3050
4878
4402
4832
5488
4793
5765
6554
4628
6997
4960
5003
4804
5898
5749
6119
8309
4920
5338
4932
5703
4749
4403
5683
3364
5494
4745
6318
4803
4041
4851
5019
4933
5430
4624
5638
5033
5712
7045
3938
5026
4304
8344
6411
4364
6710
6341
5322
8002
8373
6038
3299
5606
5509
4773
5814
4673
5662
6231
3451
4223
5027
5227
3882
5560
7068
5298
6733
4523
4866
5130
5971
6394
4972
5284
5182
6664
5442
4993
6351
6846
4790
5630
6904
7019
6100
7001
5526
6675
7348
7362
8069
7217
6545
5169
6051
5582
5660
4707
3315
2735
2520
3071
3090
3167
3810
2526
2572
2825
3053
2570
2523
2915
2503
4485
4292
2754
4163
4497
6162
5085
4909
6207
3181
6302
6145
5169
3733
6528
7495
8241
5882
4839
5940
5576
5665
5758
6404
5110
4729
5952
5801
5449
6106
6926
6028
6736
2904
4857
3725
3997
3310
4962
3899
4899
4698
4913
3553
3983
4787
3577
3187
4603
8011
6482
7444
7577
3793
6072
5566
3245
8126
6447
7216
6147
7112
5660
5201
6730
4763
5185
5815
6064
4798
4910
5484
4740
5917
4751
6265
6947
4713
6230
4356
6300
5162
7128
6798
4854
7228
6413
5384
3649
4895
7233
4839
5648
6395
4113
6780
6152
4540
5224
6066
5966
5382
4958
3954
5584
4098
4861
5338
5695
6213
6326
6196
6443
4307
5363
7934
5439
5203
4012
4894
6250
6640
4576
5958
4613
4718
5029
3590
4526
3825
4267
4309
3240
4858
2864
5424
3876
4017
4128
5063
4912
2993
5150
4209
4313
6234
7080
6008
7204
5588
6788
8428
6277
7268
6009
5047
6626
5497
6584
7750
5702
3222
3735
3572
2700
4048
2411
3251
2745
5945
3414
3767
4376
2770
3365
3743
3454
6127
9006
7788
7054
6481
6456
5226
5405
4925
8398
5824
6231
7661
7229
6312
6932
5339
5298
7976
7421
6239
6631
4860
4232
6145
5775
6504
5800
5349
6693
4517
4243
4772
5294
4387
4697
5151
4271
4805
4742
5445
5434
5523
5756
6240
4455
4899
4830
4239
5095
4183
3013
4173
4869
3801
4734
4704
4724
3709
5100
3587
3733
2095
4800
3168
6056
4350
5570
6276
5642
7534
6700
5649
5732
5901
4551
5914
6092
5662
9093
3572
3028
3584
3309
4310
4916
4547
4885
8512
2743
5211
5083
3834
3418
5547
3889
4657
8134
7931
5671
7202
6736
7495
7054
7124
7163
6702
7899
7382
6187
7579
7552
6049
4690
5351
3604
3607
6264
4294
5546
4349
5263
3727
7324
3866
3571
3897
4596
8730
7028
5357
7172
6682
6834
7372
5698
10026
5372
7204
7787
9080
9244
6590
6576
4922
3949
4147
4654
4665
4294
3467
5197
5082
5126
4437
6146
5161
5024
3182
3880
4980
8796
6489
7684
5363
5716
6714
6119
6426
6599
5364
7468
7164
5596
8760
8315
3736
5052
4392
4676
4778
5447
4663
3617
3896
5216
4080
6761
3754
3829
4970
4805
4330
4435
6522
4327
5159
7112
6338
7121
5495
6029
3975
3996
6452
7703
5234
8246
