1167
1017
933
1228
875
920
1240
880
1214
1277
1619
1113
1036
1085
1139
1176
2075
2023
2526
2305
1819
1940
2268
1552
1577
1618
2836
2060
2173
2189
1992
2590
2010
1775
2223
2260
2166
2065
2480
2307
2075
2021
2050
2008
2030
2404
1950
2043
1944
1685
1638
2714
2120
2149
1583
1655
1866
1507
1702
1976
1701
1725
1582
1315
1303
1452
885
1244
905
1153
866
1357
1279
900
1501
1291
1319
1219
1318
1795
2031
2043
2341
1913
2216
2157
2018
2374
2119
1960
2617
1981
2733
2531
2067
3217
1989
1543
1563
1334
1353
2526
2955
2189
1284
1895
2391
1155
1595
2686
1871
1960
1977
1910
2522
2971
2386
1902
1949
2332
2929
1950
1886
1742
1751
2230
2409
2074
1485
1751
1316
2636
1598
1796
1447
2653
1658
1958
2165
1547
1441
2601
2074
1578
1940
1729
2264
1691
1928
2967
2070
2596
2416
2297
2413
2303
2840
2541
1970
2661
1664
1587
854
1317
2235
1531
1462
1063
1248
1350
1281
1400
1893
1380
943
1759
1916
2561
2374
3448
1823
2473
2666
2121
2732
2035
3272
2071
3670
2193
3346
2843
1467
1699
1945
1705
1696
1880
1975
2022
2162
1787
1371
2005
1883
2472
1985
2043
1715
2307
2585
2685
2348
2271
3081
2078
2363
1963
1758
2493
2532
2304
2535
2357
2311
2264
1835
2072
2040
1828
2527
1457
2714
1664
2905
2026
2179
2332
1547
1871
1801
1891
2230
2152
2426
2248
1769
1654
2275
1615
3059
1994
1887
2802
2001
2153
1750
1753
1508
1699
1860
1524
1075
1427
1462
1300
1208
1973
1879
1409
1615
1460
3302
3004
3151
3316
3333
2578
2782
2489
2728
3225
2400
2265
3182
2641
2666
2558
1556
1347
1234
1823
1657
1248
1572
1392
1334
1327
1207
1486
1460
1552
1310
1051
2994
2544
2391
2401
2713
2816
2825
2871
2932
3805
2353
2277
2919
2927
2944
2138
1654
2237
1380
1581
1497
1568
1622
1507
1416
1946
1387
1631
1704
1572
1575
1423
3301
2171
2509
2760
4797
3370
3008
2308
2276
2309
2383
2763
2786
2377
2348
2388
1716
1548
1516
1466
1353
1514
1424
2388
1297
1430
1679
1492
1718
1166
2120
1240
2807
2895
2409
2756
3046
3287
3377
3646
3066
2624
2680
2811
3610
2317
2771
2870
1535
2059
1308
1737
1636
1748
1445
1592
1757
1989
1689
1246
1804
2175
2107
1641
3444
3153
2834
2577
3017
3689
2750
2501
3123
3002
2717
3191
2966
3203
2996
2847
1966
1730
1671
1932
1767
1477
1969
1986
2277
1529
2235
1925
1929
1956
1400
2599
3910
4530
3822
3031
2514
4399
3982
3487
2818
2343
4636
3658
3310
3990
2564
3161
1049
1972
1632
1934
1836
1936
2828
1472
1588
1052
1074
2850
1175
1382
1623
2536
2697
3175
2690
2304
2644
2969
5070
2519
2987
3600
2670
2528
2241
2324
2842
3718
1817
1846
2823
2582
1752
3424
2612
1800
2569
1861
1873
2851
1852
2185
1946
1909
2818
2213
3827
5054
2974
2648
2971
3314
2791
3118
2749
2111
3211
3133
3366
2694
