13105
11699
12812
11565
12155
10927
9121
12648
10849
11349
13172
9414
13244
14909
11167
11567
5899
7989
6450
5562
7018
6490
8506
4399
5613
5149
7454
6322
6365
7790
5856
5039
10584
7883
7371
9666
8070
9618
10864
9838
8708
11744
10362
9473
10311
8519
8763
9130
9095
12583
9473
10807
7212
9541
8550
9784
8802
9683
9286
7581
8540
10238
7596
9192
12255
12530
12349
13292
11640
13580
11664
11484
11313
12577
12899
10714
10814
12267
14456
13279
9012
5333
5863
4973
8882
7586
6941
6535
7906
5371
7422
7202
8609
6802
9728
8317
4529
8170
6720
4935
4714
7494
6491
5540
6391
5519
7615
5550
4527
4700
8840
6356
14211
12135
11185
13455
11960
12244
13407
15260
13165
11729
10605
11171
14410
12002
10325
13247
12243
11950
16098
11714
13689
11320
13226
11254
11641
12991
13631
13181
13414
16384
13483
10839
5400
6255
8246
7233
9532
7005
5824
4632
5163
4958
6130
6703
7039
6827
5934
5536
13217
9789
9688
13225
12604
11843
16384
10050
11295
14784
8599
9558
12238
9883
9473
8073
4446
3300
4151
6195
4081
3937
2967
3382
6735
3873
2645
4169
15007
3736
3486
16384
6113
5183
5964
5932
5627
5836
6283
5483
5204
6155
5533
4821
7245
5966
7587
6894
16384
16021
9820
9621
16384
8477
10864
14031
16384
14674
10858
16384
13186
9967
16384
11564
7359
7321
5997
6179
7505
5679
6530
5698
7414
6897
6345
4671
16384
5530
6194
6671
10399
11574
10656
10925
11887
15516
12830
9809
9837
14318
16384
10942
13065
13012
15470
15716
7554
6537
6867
5899
6475
6962
7233
6843
7451
6993
5757
7616
5771
7744
7221
7875
11473
14600
12176
13867
14256
15678
16384
14647
16384
9982
16324
14816
11116
16111
16365
14608
9758
16384
11450
13651
10609
15750
16384
9481
8774
12306
11082
16020
11545
11255
13303
13989
5848
7110
7761
6841
7225
4520
7348
8539
7397
9532
5351
5894
5888
5076
6144
5289
8062
7976
6793
8519
8156
6718
6030
6630
7962
12461
5966
6926
8270
8862
7813
10189
15140
10710
13393
9848
14696
15572
12997
14032
13708
11614
10683
14447
11229
8599
15836
12388
13025
12469
13206
16047
14185
13546
12053
14211
12711
11669
13498
14036
16265
14128
16384
15581
6943
7989
9137
6129
6592
7220
6463
7004
7766
6014
6823
9924
6855
6782
6674
6984
7169
6875
15191
7341
10981
6844
5504
8188
8137
8063
7043
9723
16384
7216
16384
7003
14565
15114
13160
15403
15395
16384
12582
15849
14247
15797
16384
15067
16384
11700
15969
16384
6675
9166
6917
9959
7711
10188
6990
8244
8220
6612
8598
7876
9381
9471
9647
6609
13960
14202
13007
16384
16384
15198
16384
16384
16384
10913
16384
16384
13370
16384
15317
16384
11507
13701
16384
7387
10042
10424
11388
10143
7529
12086
10593
8005
8645
8934
10589
11071
14801
11248
13486
12967
8603
12516
7405
11322
14130
12308
8120
11272
7931
9698
12872
7856
13445
10995
16384
12895
9082
9056
10740
9935
11478
12066
12573
11791
6570
15863
7849
16384
16384
9288
8224
10809
9402
9507
9705
16384
10829
9726
16384
12017
9486
9769
9517
7576
