5637
8157
5889
7428
7948
6310
4676
8053
7071
4615
7769
7308
7753
6122
5167
6605
8628
5672
7554
7876
7170
5878
8471
8514
8115
6855
5215
7834
7846
7848
8476
7276
8506
7883
8519
8248
7269
7685
9107
7542
6959
5150
5679
6563
6220
6925
7360
7635
5533
6278
10293
8496
6331
6955
11403
5863
7054
6425
10857
6103
5598
6042
8803
10311
7472
6545
5688
8792
8637
8132
5321
5682
6136
6946
7845
6988
8129
7499
6725
6116
6705
8585
7368
8629
8729
6921
6805
6189
6313
8901
6541
8124
6880
5684
7920
8427
6281
7724
8105
7759
6733
6944
7341
11302
7645
10396
6370
6544
9345
8102
8572
9442
9202
8639
9680
8581
8997
8330
10874
8155
8379
9656
8721
7226
7598
9022
10215
9127
5504
7371
5724
6942
7255
7397
6753
4377
5546
5063
6096
6825
7921
5985
5596
6272
11432
6831
6541
9321
9257
10886
8783
6168
11942
13124
5963
7192
7120
6922
6195
6556
5584
3978
5920
5534
5207
5139
5646
5254
6483
5440
7293
4884
5324
7139
5530
4059
12905
6627
9390
8996
10661
9597
10125
8853
11009
6859
7413
10320
9686
11271
8888
10932
8091
7331
6338
7589
9194
7912
4157
12655
14431
8294
5293
6868
10709
7146
7574
5880
9458
9190
11171
8712
7795
9830
7202
8847
8271
8398
7936
11744
13534
10001
8433
7654
5860
7781
7839
4549
5514
7758
6896
5060
8399
6656
7940
5722
8043
7123
6305
3677
10497
10365
10508
10008
8175
9286
8440
9634
9418
9675
9959
11477
8610
8492
9037
10264
6757
7316
6448
10130
5159
8276
9675
6023
9670
7602
5728
8561
7690
7327
7366
6172
9021
8733
10171
8138
8765
8234
8661
9329
9318
6689
7680
10217
8311
8431
10628
9215
12866
6811
6156
8309
6610
6402
8636
5721
8732
8127
7863
8646
8980
10118
9189
7497
8711
6809
10213
6987
7864
8191
6399
7516
8552
7904
8611
11010
7228
8362
9904
8756
6294
8235
6630
5966
6605
7132
5226
7649
9109
7283
9441
7546
7056
8180
7608
8073
9102
11749
11327
10074
10398
9633
8490
11121
9052
13228
9839
6637
7838
9729
10834
9296
7551
8139
9099
8664
10383
7368
8995
8756
7497
8059
9821
7338
10170
8382
8951
6973
6714
5558
5435
7327
6032
12756
4691
9191
4746
5429
9231
9929
3668
5756
6052
9534
16384
16384
16384
16384
16384
16384
16384
16384
16384
16384
16384
16384
16384
16384
16384
15984
4972
8252
6958
8748
6384
6690
6586
11716
7045
5035
9430
7731
10142
10160
8956
6738
16384
16384
16384
16384
16384
16384
16384
16384
16384
16384
16384
16384
16384
16384
16384
16384
10584
7387
8009
8834
7562
8478
7607
6518
7816
7879
6733
7766
5974
9013
7858
6333
16384
16384
16384
16384
16384
16384
16384
16384
16384
16384
16384
16384
16384
16384
16384
16384
5794
10817
8991
9355
7133
6171
10018
6786
8977
6308
8430
8857
8738
8026
6489
6541
16384
16384
16384
16384
16384
16384
16384
16384
16384
16384
16384
16384
16384
16384
16384
16384
10134
6734
7782
6767
7982
8954
6246
7894
9053
8632
8920
10163
7017
7984
10450
8370
