3399
2989
3495
4223
2906
2840
3003
3119
2592
3641
3876
3587
3573
3084
2778
3607
5424
2711
5099
4007
4045
3983
3708
3276
3237
4638
5412
3405
2595
2864
2595
4701
4138
2838
2957
4029
2309
3506
2669
3463
3491
4297
3122
3327
3826
3286
4900
2341
3641
4284
3912
4883
3716
3711
3930
3935
3030
3364
3758
3613
3506
4379
4200
3482
1889
2715
2157
2557
2555
2275
2977
2486
2549
3068
2992
3180
2425
2873
2672
2005
3466
3609
4296
3192
3328
3920
3348
2876
3909
3175
3496
3727
3900
3868
3046
4557
4519
5173
3738
4632
3081
3256
3182
4001
3467
3915
4133
2908
4176
4249
3824
3409
3721
3286
4093
4916
4248
3150
2879
4351
4510
3274
2237
3861
4416
1618
4087
3610
2559
2169
4230
2783
3338
2227
3482
3327
2242
3432
16384
3225
2976
2733
2914
3043
4346
5273
4436
4776
4564
3242
4005
3923
4646
3532
4006
5845
4962
3823
6341
4324
2818
3012
2191
1914
1512
2440
2649
2407
2495
2962
3610
1852
1974
3636
3225
2916
3193
3004
3299
4089
5086
2862
4265
3198
2583
3542
3962
3371
4677
4041
3853
3666
4590
4473
4054
3453
2989
4215
2009
4386
3981
4313
3795
3921
3659
2475
2824
3948
3667
1987
1553
3137
2468
3203
2408
2128
2170
2232
2438
1775
2874
2698
2741
2031
3038
3709
2248
2634
3886
4004
3528
3533
2393
2541
2791
2990
4558
4427
3311
3575
5009
4663
4649
4006
3541
4136
4110
5064
2867
5399
5688
3624
4699
3310
3485
2459
3574
2709
2656
2869
4102
2514
3252
2964
3203
2749
2633
3205
2896
3042
2837
3808
5769
3878
4317
4524
3913
2939
3942
4633
4161
3615
5307
4016
4785
4673
3385
5234
2503
2510
2354
3910
2326
2769
1865
3412
2811
1643
2123
2575
2472
2010
4910
3663
3581
4204
4327
5957
3820
4494
3407
3191
5012
4424
3977
3418
3783
4308
5206
3918
2969
3451
2494
2875
4158
2497
2822
3716
3569
3525
4118
2998
2978
3178
2533
3005
5138
4574
5243
3595
3049
4650
4491
3751
3696
3471
3805
4220
4498
4875
3635
3381
3100
5465
2412
3149
3086
3804
3147
3797
2947
3209
2773
2793
3852
3764
2418
3311
5534
5764
5696
6120
3489
4532
4501
4470
3573
5073
5777
5708
5904
4328
4652
3369
2917
2476
2537
2503
4717
3585
2587
3583
3408
3064
1379
3238
2258
4698
3918
3578
5026
4883
4727
3414
5112
4281
4816
3748
3359
3592
3734
3996
4104
4695
4235
3481
2634
2555
2501
2500
2192
2230
3985
1820
2541
2382
2169
2554
3320
2097
2175
2369
4914
4109
4840
4501
6199
6806
6743
3970
4789
4600
5125
5870
4410
5211
5323
4591
3077
2302
3049
2649
1360
2904
2228
2071
1749
2115
2761
1723
1416
3584
2603
1876
4920
5241
5856
3790
5473
4364
4494
3979
4943
4564
4388
3469
4800
3855
4440
2819
3713
2434
3820
4299
4454
2572
3267
2849
3741
3027
3723
4172
4790
4077
3106
2971
3241
2926
3314
2411
3160
3710
2854
2800
2708
1989
2153
2382
3007
3980
4284
2911
