3286
3401
3980
2836
2906
3431
3422
2990
3753
3539
3419
2729
3819
3232
2667
3549
1702
3328
2882
2385
3435
2194
3085
2318
2358
2527
2932
2082
3477
1987
3423
3148
3423
2562
4280
3560
2751
3646
2135
3125
2814
4361
2867
2052
3989
3965
3489
3045
3910
3720
5268
2740
3485
2316
2234
3313
2335
4701
2125
2473
3172
2747
2908
4163
1502
2456
2777
1551
2533
2375
1714
2533
1747
2293
1776
2718
2789
2329
2189
2859
2787
3358
3105
4129
3089
2555
2818
3145
2937
2886
3435
3699
2843
2615
2908
2979
2930
1682
2506
2232
2134
1902
3112
3078
2010
1967
2741
2222
3234
2011
2051
2237
2299
3632
2821
2832
4092
4350
3672
3940
4644
3934
5407
3022
3411
2425
3300
4382
2246
2296
2199
3052
2542
2578
2514
2442
2192
2545
2200
2475
2215
2415
2113
2316
4578
3658
3471
4080
3375
3797
3633
3245
3984
3272
3379
3123
3735
3309
3461
3635
3453
2671
4087
3680
3236
3018
2857
2764
2655
2235
3315
3286
4094
3522
3933
1742
2666
3441
2883
2539
2966
2915
2491
3220
2910
2771
3177
2390
3695
3507
2862
4139
2674
3027
3240
2955
3497
4249
2784
1697
2328
3204
5144
1413
2675
2972
3337
1866
3757
4539
4013
3468
4163
3784
4215
4076
3689
3602
3938
3597
3582
3661
3898
3711
3151
4828
3623
3001
2995
3181
2870
3294
2618
3736
3253
2600
3437
2584
2908
2730
3946
2696
3640
2908
1977
3588
2553
2275
3543
3226
2901
3217
3876
3176
3277
3177
8067
7458
6756
7463
7814
7334
6652
6134
6799
6919
7075
6931
7803
8124
6351
7147
6147
4996
6721
6486
7563
5374
9383
5875
7217
6661
5557
5294
6612
5145
6766
5914
8070
9488
6217
6535
7727
7412
7263
6380
6318
7214
7494
5325
6111
7853
6778
7221
7171
9788
7776
7568
7129
9753
6157
5677
8518
5416
7148
6033
7886
7915
7513
7174
6622
5680
6235
6957
6361
5881
7154
6065
7352
6702
6697
6546
5811
5265
5112
7269
7602
5919
6956
6384
7547
7844
7306
7185
7243
7088
7180
6757
5773
6689
6863
8231
4749
5899
6183
5275
5734
4885
6658
5569
5948
5284
4441
5831
4335
6205
7671
8027
6903
7005
7768
6608
7031
8217
6079
6922
6999
6970
8740
6579
6958
7678
6916
7259
4943
5060
5440
6130
5602
6774
5706
5198
5958
6022
5881
6755
6250
5482
6010
6536
11864
11913
8741
10901
11079
11616
9826
11061
12797
10594
16136
12588
14966
10056
16070
10255
10760
10811
12429
11707
12103
11360
15178
11729
9130
10490
13382
11998
16384
12230
11542
12177
5986
9009
5589
8431
5044
6076
7330
9898
10433
7112
4828
14038
6083
6010
6392
12840
7706
10764
8660
7446
7572
6869
6565
12289
9098
9679
8327
9089
6499
7497
10480
9045
8750
8363
7975
8804
7779
7681
6927
9504
10025
12350
8365
10040
10877
8826
10344
11461
6383
8109
8587
5725
7075
6319
7217
5869
5227
4653
5697
5017
7610
5949
6399
10676
16384
16384
16384
16384
16384
16384
16384
16384
16384
16384
15356
16384
16384
16384
16384
16384
