1846
2215
2449
2744
2540
2274
2208
1967
2077
2218
1884
2091
2414
2013
1799
2041
2610
2000
1604
2030
1602
2686
2467
2473
1900
2404
2117
1994
2070
1956
2184
1613
2794
2139
2557
1703
1953
2692
2506
2084
2567
4000
2344
3204
2548
2618
2462
1928
2926
2728
3374
2712
2318
1760
2954
2542
3033
3220
2393
2731
2783
3011
2114
2237
1615
2478
1773
2134
2433
2195
1929
2137
2428
2480
1870
2040
1879
1850
2762
1917
2542
3147
2088
3129
2629
2590
2190
3256
3167
2735
2757
2704
2407
2722
2528
2915
2185
2254
1908
2567
2133
2852
2349
3280
2527
1801
2225
2517
3092
2364
2154
2155
2859
3085
2451
2683
2398
2624
2422
2377
2767
2887
2450
2336
2883
2281
2399
2817
1380
2021
1457
2717
2117
960
3990
1717
1675
1445
2156
1405
1782
1000
1494
1539
2545
2479
1766
2860
3565
3210
2604
2452
2541
2397
3360
3022
2614
2521
2691
2633
2607
2263
2479
2850
2266
3396
1984
2317
2125
1921
2476
3071
2819
1964
1816
2120
3025
2627
3501
3109
3118
2983
2682
2904
2823
3350
3046
2895
2686
3255
2878
3067
1809
1723
1613
2400
1797
2450
2399
1742
2976
2219
1781
2049
1753
1556
2355
2539
3850
3183
2626
4052
3432
3640
3374
2395
4555
3137
3659
3005
3151
3828
2971
5093
1776
2105
2575
2416
3632
3725
2606
2564
2416
2864
3278
2855
3777
2204
2325
1911
4104
2790
2252
3398
2298
3198
4022
2994
2344
3074
2084
3006
2368
3487
2723
3359
5228
4884
4794
3687
4663
4026
6977
4337
3792
6684
5852
5369
5615
3659
4201
6752
7148
5867
5885
6469
5301
7228
5287
7232
6378
6184
7469
7775
6568
5001
8256
8259
4899
4635
7237
4105
5238
5226
5875
6340
5029
3642
6466
5835
5040
5438
6741
6382
8908
8146
5677
5922
7404
6386
6241
6233
6256
5359
7914
6969
5867
8242
5295
6394
6122
6170
6703
5939
7279
5117
5429
8428
5454
6630
6493
7110
5424
6546
7058
6871
5180
7289
6481
6668
5858
4555
8610
5594
7347
6676
4493
6806
6325
7059
6309
5590
5952
5594
5713
5702
6392
6211
5065
6702
6822
6127
7727
7476
6666
6278
8710
6874
6377
4177
4970
7850
5193
6426
5641
4717
7175
6489
7214
6636
6505
5673
5346
5478
11526
14043
12704
13554
13308
10389
12905
16179
12082
14085
9962
12167
13452
11984
10416
11005
5592
7631
8024
7387
5083
7158
9080
8617
6946
10139
7264
6685
8728
5550
6855
9012
7731
8835
9433
9134
8503
9302
8083
7865
8697
8949
11182
8590
7761
5846
7188
6869
15285
10410
16384
9716
12705
12425
12009
8361
12044
16287
10383
10974
12030
12903
9377
16250
8820
10800
9221
10125
9405
10371
9515
13565
8495
10390
6786
8730
15473
6949
10935
9948
14058
13574
11315
12392
9741
11404
11112
12396
6787
13722
12726
13163
11325
10823
10123
11609
7186
6922
8397
6318
9216
7824
6478
7197
12550
8144
7826
10617
10162
6840
8030
6114
16384
16384
16384
16384
16384
16384
16384
16384
16384
16384
16384
16384
16384
16384
16384
16384
