1966
1730
1671
1932
1767
1477
1969
1979
2243
1529
2200
1910
1928
1923
1400
3277
1534
1470
1681
1276
1652
1712
1683
1270
1697
1843
1082
2448
1816
1730
1170
1560
1303
1452
885
1244
905
1153
866
1357
1279
900
1501
1291
1319
1219
1318
1795
2510
2019
2047
1668
1846
2108
2540
2056
1855
1968
2121
1800
2510
2091
1802
2024
1449
1830
1635
1624
1519
1235
1778
1674
1762
1086
1216
1193
1351
1410
1178
1021
2011
1583
1812
1828
2114
2100
1393
1603
2476
2190
2329
2649
2063
1746
1720
1694
1805
1864
1561
2210
1640
1626
2325
1609
1267
1372
1441
1050
1435
1501
2532
1575
1155
2667
1677
1170
1876
2355
2187
1089
1423
1918
1517
1284
1418
1542
1797
1210
1654
2245
1380
1581
1497
1568
1622
1507
1416
1946
1387
1631
1704
1572
1575
1423
2347
2807
1890
2027
2310
1965
1640
2542
2063
1888
2257
1577
1934
2348
1747
1335
1123
867
1118
1045
1295
1029
946
775
1157
1029
1438
873
1065
1098
1280
1120
2175
2642
2191
1958
2029
2353
2170
2474
2395
1702
1944
2568
2302
2037
2212
1992
1316
1412
1290
1604
1524
1278
904
1742
1383
1303
1106
1451
2068
1519
1949
1520
2054
1562
1938
1926
1449
2510
1665
1889
1690
1708
2030
1307
1622
1665
1692
1640
1965
1948
1291
1301
1821
1471
2300
2187
1603
1467
1608
2095
1507
1523
1547
1270
1893
1422
1271
2053
1828
2067
1394
1511
1492
2213
2962
1741
1425
1651
1736
1551
2848
2966
2514
2526
2469
2226
4881
3281
2925
3173
2746
2933
4395
3272
2947
2819
6113
8583
7954
7815
5614
5422
4863
6494
7849
7660
6827
6583
6020
6395
4818
7049
6319
6284
8733
5907
5796
6463
5829
5215
6179
6322
4955
6502
6051
6243
5952
4725
3092
4377
3361
3439
5137
4255
3617
4497
5476
4493
3913
3002
3861
4311
4869
4437
5265
4818
5595
5810
5308
5547
5847
3993
5236
5804
4398
4428
4938
5896
6153
4845
5247
4525
8332
5477
6397
7211
5660
3989
5812
7219
8403
5208
5174
4714
5201
6767
4257
5775
5735
6219
5981
3839
6589
4479
5459
6973
6043
4824
5518
4571
8204
6382
6395
4996
5265
3130
6088
4489
5534
4369
5860
4855
6711
5455
4653
5745
6503
4691
11471
10752
8444
13538
10709
10108
12805
11745
11258
10980
10664
12067
10513
12780
10484
10896
3079
4575
3770
4522
4405
3278
3086
3135
2720
3589
3208
3891
3480
3671
4335
3727
8379
8923
8738
10501
8588
9206
10321
10918
10265
10098
9789
13645
13121
6985
13180
8710
13944
12964
15889
14275
16384
16384
15356
16384
14845
16384
16384
14928
15513
15842
13292
16384
8837
7794
7014
8654
6338
6879
5925
8577
7123
6404
9309
7106
6596
8073
8520
7433
16384
16384
16384
16384
16384
16384
16384
16384
16384
16384
16384
16384
16384
16384
16384
16384
7916
9411
13864
9475
16384
11468
9086
11456
11292
11249
16384
9489
10678
13922
8011
11332
11152
10044
10325
15860
11529
11522
9659
16384
16384
16384
14359
16001
14380
10847
12563
11805
