4545
7040
4391
6246
3826
6015
4915
4265
4845
4282
5949
4397
5115
4501
5926
4792
3423
2329
5420
4129
4125
3722
2934
3815
2825
4771
4319
4688
3680
4243
4191
4299
4065
3424
4715
5662
3850
5881
5329
3203
4579
4575
4018
4086
4144
3915
2817
3480
6546
4489
5977
6222
6295
5049
5703
6054
5452
6385
5214
4833
8232
6284
5093
4553
5579
4200
5398
4629
4972
6285
4502
4355
4367
3984
5746
4712
4063
5174
5844
4530
5091
5120
5441
4553
6428
5384
5210
4653
5026
5187
5190
4781
6015
3494
6420
5337
4024
3144
3966
5006
2950
5323
2777
4501
3472
3652
3505
4698
3395
2616
3991
4280
4819
5620
6280
5167
3478
5731
6774
5908
7477
6436
6061
5640
6475
7151
6648
5265
5329
7205
4597
4865
5442
6653
3760
4816
5479
6791
5382
6726
5747
3059
4988
5506
5614
4298
5515
5235
6248
3774
4637
4927
4482
4424
4527
5242
5773
4222
5421
5362
4670
5090
3744
6863
4560
5920
5570
4663
2654
3736
4333
5058
4758
6250
4590
3799
5323
5484
6231
4968
7169
5402
5214
5695
4849
6152
4378
5519
5116
7210
5892
4283
2302
2800
2620
3951
3200
3675
3653
4907
5877
3100
4310
3101
4277
3316
5395
2939
6038
5091
8236
5826
5340
4934
6292
7577
6480
6025
7599
6278
5701
7359
5394
6508
6319
5297
3473
4487
4414
4695
3483
4561
4198
3703
3774
5960
6261
3212
4982
3858
5243
5565
5040
7592
5205
4472
5438
4855
5089
5762
4663
5445
5434
5396
5571
7213
8013
6556
9451
8575
7549
11703
8777
9161
3895
7254
6970
7433
10067
10822
7758
6771
7713
10348
6594
8203
10346
9560
10015
8433
6552
9550
9302
11186
9081
8807
11025
8521
8206
7046
9410
9259
8050
15446
8556
8673
10150
9894
7275
8358
9672
7638
8956
9450
9768
9991
8188
7938
8468
8521
7794
7836
9451
10104
8771
8517
8802
9644
9733
9013
10549
11082
9130
7535
4851
8904
5187
4681
4481
5001
6199
9230
6483
5648
9059
10516
10185
6833
6917
6681
7049
7428
6590
6062
7758
6838
6893
6160
5013
7616
5544
7373
9377
7441
7546
5221
3880
8087
6271
10490
7514
5749
6487
4517
8430
6593
3728
5556
10967
10218
8350
10647
10411
9877
8610
10455
9904
9900
9903
10202
10426
10361
11125
10499
11734
12366
12948
12416
11844
11921
12344
14701
14487
13425
14709
13198
12007
11070
10535
12534
4819
8128
4882
6334
6854
6154
5934
7546
6403
5066
4336
6681
5584
6511
5990
4720
7762
7563
6968
11107
6606
11335
9744
8306
6387
7128
10891
6903
11510
5420
11991
7570
16384
16384
16384
15717
16384
16384
16384
16384
16384
16384
16384
16384
16384
16384
16384
16384
10729
8902
7045
7727
8765
6932
8447
10438
8517
7191
9120
6647
7292
7899
8186
7296
16384
14868
16384
16384
13911
14513
11387
13294
16384
12769
16384
14634
11712
11565
11003
16384
7099
7707
8378
9782
6582
7890
9450
9236
8173
6572
9036
8621
7422
9490
8868
8291
11227
13230
8213
12506
9656
14734
9139
11590
6591
13568
6184
14349
8780
9701
13598
9359
