3657
5426
3324
2189
4242
4118
4470
2529
3270
5478
4227
2604
3105
4729
2322
3889
3495
3564
4547
3638
4740
3988
4965
4572
3886
5714
4259
3957
3778
4837
4471
4414
4261
2882
4959
2680
4044
4634
4553
3787
4256
2901
4443
4300
3113
3376
3605
3769
3761
3651
3407
4101
3993
3853
4933
3869
3084
2547
4918
4434
4145
5297
2922
3610
4032
3714
4390
2849
5176
5371
4566
3875
3849
4203
3365
4192
4459
3784
5053
5087
4869
3936
3650
5373
4847
3902
4376
3463
3318
4476
3980
4143
2522
5044
3964
5566
3203
2919
3721
2549
2921
5284
5517
5349
4893
4839
3171
3321
3964
3916
4113
2640
3784
4876
5123
4818
3344
4905
4423
3727
4079
4091
5168
3464
4117
6707
4066
4003
2216
4599
5732
2940
2705
4454
3770
4310
3915
3961
4068
3606
4812
3861
5165
5871
3305
3775
3392
4205
4068
2956
3514
2952
3348
3270
3773
3611
3424
4221
4309
3385
1777
2542
2596
2589
2171
2674
2337
1795
2662
2724
2065
2167
3596
4696
2569
2082
5107
4711
5495
5649
4421
4745
4431
4744
5038
4210
5752
3983
4893
5308
5502
5883
3952
4010
3529
2842
3056
3861
3458
3781
6217
4479
3462
3949
2984
4631
2929
5637
4863
4130
4849
4466
4678
4086
5219
4360
4694
3372
2947
4845
4635
4176
3469
4734
5221
4363
4439
5144
5476
3540
4829
4193
5733
5115
3550
3131
3326
3722
4299
4882
2601
2768
3530
3386
3092
3600
3048
2643
2627
3151
2233
4266
3539
2459
4197
4685
5437
7451
6067
6419
6307
4558
5194
5655
5624
4448
6285
6834
4834
4938
7433
5386
9794
8655
6901
7173
8098
7245
10399
7170
5753
7881
8863
5809
8809
6364
12596
7681
6229
8392
6791
7182
8107
7137
7007
6856
7471
9563
6942
7694
9435
7805
9367
8508
6110
7410
5101
5116
10262
11194
4686
6521
5157
10622
6834
8481
6427
11990
6357
6631
6013
5979
6964
6935
8071
5973
3825
6620
6885
8674
7103
7314
8164
4924
6373
4656
6594
8014
7237
5428
6018
5819
7209
7304
10165
7326
6812
14315
7408
6236
5801
7118
6169
8272
7492
6928
7018
5951
8134
9750
8457
6183
7346
8031
5927
6405
7388
6387
9184
7913
7844
9352
9797
7478
9366
10972
8606
6183
6258
9171
7835
7271
8954
6404
11731
10116
8763
10710
11098
8983
5927
9086
9064
9496
8386
6624
11565
9771
12467
11766
6954
6471
6152
7138
6768
7179
6122
7018
7140
6220
7662
7227
7168
8110
10052
8449
7482
10053
11760
8489
9319
11304
9214
8255
9447
10979
8695
8448
9362
12754
10485
9158
13740
16384
16384
13515
13035
15432
16384
16188
12649
16384
14345
13877
11055
12389
15561
16384
6276
5071
4410
5266
9642
7475
6552
5403
5284
3915
5920
4724
7232
6855
5329
5858
16384
16384
16384
16384
16384
16384
16288
16384
15542
16384
16384
16384
12948
16384
16384
16384
7708
9127
7462
10764
8633
7602
10647
7664
8499
8831
10456
8842
9372
7758
7633
9463
13571
12241
13873
11066
9786
10647
11000
16384
10512
9162
12538
11556
10124
9651
12576
10873
