4897
3325
4602
4841
4086
4763
5569
4423
4138
4640
4769
5218
5365
4518
6297
3316
4888
3388
5015
5186
4945
4909
3710
6268
4954
4895
5514
3843
4149
6628
4124
5229
3659
4483
6349
4778
3387
3277
3641
3905
3010
3235
3968
4359
3766
3989
3532
3782
3792
5638
4503
5719
5543
4430
3364
3444
5356
5856
3604
5251
4208
4595
2584
5705
2504
6300
5360
5706
3583
3759
4062
3084
4745
5672
4014
4330
3830
4756
4148
3072
4783
5749
4697
4508
4846
5132
5507
5278
5321
4089
6982
4827
5738
3971
5924
5839
4499
3573
5395
4249
5150
3728
4915
3215
2346
5045
4377
4904
5266
5477
5207
4594
3596
4109
5720
4238
3861
3754
3710
5064
4108
3741
4284
4316
5489
3806
5483
5108
4115
4570
4829
3457
3777
2972
3507
3540
4311
4350
4158
3995
3578
4412
3704
4390
4672
5377
6540
4300
4748
4365
5298
4836
6967
4938
5855
5628
5418
4928
5687
4156
3949
6733
4952
5270
6034
4669
5188
5087
6292
3305
4111
6053
5524
4794
7042
5365
3932
5039
6333
5502
5312
6346
6760
6229
5738
7893
4438
6594
6095
6068
8001
5425
5316
4697
4157
5311
3752
6186
4404
4829
3763
5220
4474
5026
5124
5762
5249
3619
4496
4578
5306
5297
4584
5694
5029
4747
5287
4952
5846
6817
5280
5067
5144
5927
6374
5783
5985
5856
4643
6362
6741
7563
8294
5841
5613
5746
6542
7513
6596
7554
6068
5952
6475
7225
6013
4950
4458
5990
5831
4582
4854
4046
5553
7186
5001
5195
5140
5723
5101
4856
5079
5871
4204
6705
6919
5902
5974
5946
5012
5764
6229
5504
6641
4916
4251
4936
4284
6660
6908
5868
5140
4648
5043
5985
5101
6070
5366
5218
3713
3153
3961
3360
2702
2897
2892
2671
3224
5614
3262
2594
5682
2691
3935
3013
6067
4887
5976
4454
6875
6484
6733
5997
6264
6314
5241
4924
6337
6648
5762
6240
7619
7937
7046
6213
6779
5046
7278
7008
6530
8385
8720
6848
5463
5665
7060
9320
5964
4599
3778
3680
5163
5633
4010
6292
5347
4263
2941
4271
4413
3308
6725
3711
7158
6102
5191
4876
6845
6024
4911
4345
5754
5668
5958
6051
6251
7575
5309
4711
7759
6374
4334
5550
4808
4493
4021
5958
4596
5580
5337
6391
7497
5877
3555
5468
5109
5013
7221
4512
5457
7080
5894
6701
7579
6686
7468
6060
6864
6543
6359
5705
6208
5626
6550
7026
4437
6266
6608
7070
5959
6638
7127
6489
5895
6002
7694
6384
5042
5176
5143
5078
5099
5715
3768
4689
4449
4199
5890
5539
6356
5535
5734
3782
3698
6011
7172
7388
8333
5422
6093
6393
5302
8141
5903
5959
7788
5663
7037
6077
7120
4568
7132
4730
6521
7835
5945
4457
6991
5864
7183
7327
7034
7601
5835
6209
5813
8006
8798
6897
7090
8154
5492
7482
6429
7652
5779
10384
5854
6589
5963
7994
6549
9694
7810
6007
5465
5170
7105
7017
8139
8263
6182
7077
7237
6087
7365
6146
5168
6648
6032
6680
7377
6519
6355
6319
5584
6556
5634
7199
5549
5940
6901
5639
