7824
5618
4124
6128
4828
6301
6169
3499
6160
8532
7687
5954
6157
7190
5934
4970
6521
8017
8607
7818
8476
5683
7525
6499
7194
9070
6251
6399
5408
6128
6112
6248
7072
6567
7780
6576
7066
6923
5301
7693
6434
8370
6964
8262
6746
7925
9148
6515
6887
8289
6496
7771
6716
6702
8323
7743
6514
9838
5408
6968
7148
8662
7944
5589
7725
8442
6751
6575
7430
8758
7159
6387
11038
6881
11108
8602
8256
7455
7192
7414
7718
4425
4439
4380
9533
5727
5770
5005
4920
5172
4811
6577
5826
7710
4563
4893
6247
5600
5388
8349
7302
8590
7010
5383
6176
8555
5688
6987
5925
4322
5279
7233
6618
6599
7151
11842
6194
6414
5472
7640
7535
6993
7443
6531
6535
8132
10554
7962
7348
7846
6651
9672
4722
5914
8233
7921
7667
7800
6420
8278
6954
7214
8843
5807
6622
5415
7229
7170
7489
6794
9319
8316
4938
6198
5852
7680
6221
6281
6086
7162
8169
6300
6835
5637
6998
7475
8401
6692
5908
6742
8268
7882
8132
8090
6837
8629
5938
8415
10455
7090
8644
5667
8945
7824
5336
10410
8692
10439
7080
6638
9380
7367
8474
9188
8421
10246
7437
9994
8016
4805
5236
6297
8890
11647
7594
9096
5815
4835
11141
7873
7275
8728
7129
10616
7660
6141
9831
9383
11239
11217
7434
8335
11239
5945
9964
7584
9438
8125
10604
8173
11161
10232
8067
8848
8654
8158
9699
10050
10196
9731
6843
8543
9436
7752
9420
8493
10657
8890
7827
6407
8303
6024
7869
9377
7920
8079
7530
10275
12630
7929
9294
7865
10685
10047
8596
11617
8498
9792
10202
11945
8325
9533
5921
7691
8695
11202
8259
7070
5700
8563
8888
8962
8735
10484
11379
7908
10161
9252
7079
7493
9888
9328
11574
12090
10060
8590
8959
8405
6552
7039
8007
8286
9779
12668
9045
9172
9805
9173
8408
8968
8585
10125
9209
9257
8687
9819
10180
9247
12304
9471
8989
7187
6226
12978
6049
9173
6555
6223
7110
7663
8272
6706
7661
8920
9188
7170
10031
8858
7983
8812
9833
6718
11657
9591
6625
10025
9133
9781
9120
9223
11786
7346
7820
9808
8855
6656
8242
6340
7503
5157
8928
7983
9024
6715
6923
6678
7231
8812
10511
8162
11188
9902
10325
10408
9842
11678
10384
8361
9916
13831
9512
9927
7208
9201
16384
16384
16384
16384
16384
16384
16384
15173
15638
16384
16384
16384
16384
16384
16384
16384
4691
9607
6896
8750
6623
5561
6100
9746
4466
5491
5717
4561
5712
7832
6067
5635
16384
16384
16384
16384
16384
16384
16384
16384
16384
16384
16384
16384
16384
16384
16384
16384
7862
8086
7585
8140
8564
8627
7145
8968
9877
8595
8532
8152
9122
7956
8462
7243
16384
16384
16384
16384
16384
16384
16384
16384
16384
16384
16384
16384
16384
16384
16384
16384
9938
8879
10616
10622
5935
8999
9484
6283
9400
6689
6979
8620
7147
7355
8965
8113
16384
16384
16384
13454
15059
16384
16384
16384
16384
15133
16384
16384
16157
12755
16384
16384
7378
9924
6853
9340
7917
7267
7812
7726
8180
9264
9090
8152
8133
8085
6546
8058
