1233
1037
1013
968
1015
1166
1149
1032
1046
1138
1296
1042
913
1207
1190
1122
1338
1489
1061
927
1723
805
1009
1072
1297
994
1192
1006
711
1214
825
1605
1449
1830
1635
1624
1519
1235
1778
1674
1764
1086
1216
1193
1351
1410
1178
1021
1814
1570
1462
1549
1510
1612
1516
1444
1454
1123
1380
1955
1648
1645
2003
1923
1966
1730
1671
1932
1767
1477
1969
1986
2278
1529
2229
1925
1924
1956
1400
3206
1653
1591
1684
1154
1493
1963
1410
1728
1940
2123
1977
1586
1720
1344
1371
1058
1488
2215
1810
1522
1286
1475
1543
1539
1517
1315
1703
1389
1845
1851
2229
1590
2214
1211
1593
1346
1560
1508
1779
1203
1020
1561
1119
1207
1181
1182
1350
986
2354
1937
2764
2248
2367
2561
2015
2239
2130
2093
2295
1859
1958
1945
1940
2214
1752
1805
1678
2999
3642
1762
1912
2519
2237
1969
2172
2234
1533
2288
1392
1646
1643
1418
1323
1107
1160
2347
1292
1667
1446
1235
2477
1273
1682
2022
1627
2893
1753
2128
1592
1772
1708
2133
1379
2842
2309
1730
2351
1996
1925
1931
2345
1489
2047
1775
2223
2260
2166
2066
2458
2281
2100
2021
2060
2008
2019
2602
1950
2043
1565
1720
1932
1674
2065
2079
1973
1521
1703
1756
1788
2308
2181
1874
1928
1840
1965
1948
1291
1301
1821
1471
2300
2187
1603
1467
1608
2095
1507
1523
1547
1270
1893
1422
1271
2053
1828
2067
1394
1511
1492
2213
3173
1741
1425
1651
1736
1551
1567
2215
2558
2093
2027
2443
2442
2144
2099
1943
2330
1966
1774
1844
1841
1832
1977
1910
2167
2618
2434
1902
1999
2517
2270
1918
1906
1774
1668
2301
2685
2424
1821
2656
2599
2942
1705
2722
2618
2453
2239
2238
1524
2353
2752
2168
2702
2106
1954
1893
2390
2063
2252
2088
2249
1873
2337
2524
2933
3223
2399
3374
3147
2913
2419
1805
2686
1863
2313
3156
2142
2115
2716
2317
2846
3077
2565
3123
1749
2466
1027
1828
1889
1628
1528
932
1212
1343
1184
1504
1638
1837
1690
2085
1396
2358
1817
1846
3264
3053
1752
2870
2822
1800
2731
1861
1873
2676
1852
1974
1946
1909
1764
3093
2488
2304
2115
2058
1728
1873
2301
2204
2303
1675
1968
2505
2369
1655
2861
3413
3148
2639
3008
2819
2924
2447
3450
2796
2020
2480
2894
3522
2539
2891
2950
2816
2932
3255
2302
3130
2283
2573
3529
2965
2669
3176
3070
2867
2476
3061
2674
2510
2538
2587
2304
3160
2424
2562
2335
2383
2668
2416
2393
2516
2609
2622
2934
2528
2466
2492
2964
2779
3332
2769
2454
2673
3138
2945
3404
2625
2774
2535
3208
2753
3416
2969
2769
3280
3322
2995
2524
3034
3499
2402
2607
2865
2602
3376
2094
2712
2891
4992
2594
2822
3786
2548
2580
3035
3248
2689
3205
2617
2778
3993
2398
3174
2318
1863
1908
3677
2482
3555
2249
2280
2036
2719
2635
2762
3492
3849
1776
2804
3911
3160
2413
2443
3357
2131
3147
4178
3788
2216
2248
2713
2893
3770
