12763
11617
10258
12004
11945
10120
8361
10083
9546
13340
8937
11119
12091
10683
8763
11215
6864
6634
7591
5636
6769
4629
8643
7655
4908
4711
7791
7216
6582
5515
5744
6538
9477
9697
8524
7509
9209
6836
7818
9601
8717
11174
8919
9176
8923
11741
8907
8551
12586
12603
10778
10492
10580
7863
7932
11639
10533
11403
8103
11796
10865
9800
9583
7932
13324
12431
12802
11809
13444
12342
12762
15376
14230
13451
12302
11497
12108
10082
11587
10834
9830
10085
8151
5455
7988
5255
6720
5785
8059
8086
6277
6202
9031
4370
4950
9854
6343
7291
3839
5634
4878
5822
5018
5058
4716
5804
3416
6192
3587
7035
6846
5144
11764
10261
14761
10513
12225
10260
13858
12479
10809
10703
12529
12620
12190
12219
11335
12130
12520
11257
9557
12471
14021
13416
11366
12102
13164
13102
12252
11753
13524
14243
15842
14534
5684
6367
6870
10552
5322
7805
7080
8324
7837
10722
8054
13255
8587
6887
6551
6020
8437
9270
9186
10817
12293
14305
12163
9745
10819
7961
9665
8261
11544
12776
9851
8767
3383
4693
3519
6119
4141
4003
3137
2962
4053
2711
2535
3412
3370
4078
3819
3094
5196
6204
6872
6235
5739
6241
6216
6048
6281
4860
5458
5513
5766
6612
6331
6897
13871
12441
10451
16384
11410
15041
13033
11348
12248
10415
15083
9883
10763
12957
15418
10818
6736
8108
8860
7351
6205
6163
7315
6296
6928
6970
7406
8079
6040
6335
6735
7426
9919
11672
9998
12891
8708
13901
12195
12203
14271
7790
10474
11159
9671
10848
10822
11180
16384
16384
14958
13353
11240
10774
16384
8479
11639
16384
14976
15104
7889
14065
8636
10875
6136
8245
6536
6926
7189
5993
7122
9384
6785
6294
6894
7050
4187
5842
10163
6465
14064
6203
6072
10948
13247
16384
5689
6880
5809
5181
5837
7189
7619
8406
16384
6565
16384
14534
13962
16384
11720
15740
14312
14600
15823
14261
11690
12062
10497
16384
10058
16384
8808
12516
6547
12600
10398
7950
6747
11240
7485
7077
6908
9070
9118
9877
10640
9047
15694
8192
13717
12934
9463
16384
8723
8312
9400
9155
9172
11876
16384
9093
9379
16384
8032
7763
13247
14323
11498
8756
8175
11088
14097
9964
11683
11506
10516
8178
9023
16384
10318
10044
10354
13727
16384
8854
8824
7926
14516
8675
16384
8880
13493
9756
13979
10468
6388
5291
6065
4971
5723
5162
5622
6366
5473
5401
5742
5378
6351
5765
6126
6549
9576
16384
11303
12994
13499
10561
10012
12124
10197
8878
9747
13862
10843
9068
16384
15228
8872
10041
6755
7378
10570
6836
8466
6779
9360
6803
6396
7178
6507
6284
5437
10023
15984
16384
16384
14027
16384
13569
15131
16384
16224
16384
14285
16384
14074
15607
13093
16384
9285
8502
6645
7528
8577
7605
8315
7703
9434
8945
8752
7199
9466
8366
8083
7277
15101
13663
16384
16384
14602
13115
13324
16384
15268
15977
16384
10948
14093
15620
11865
13760
16107
14752
13575
15097
14012
14439
15119
11136
13838
15883
11342
13302
14177
15479
14441
16285
8505
6731
7109
6825
7097
7496
7320
7600
6569
7194
7153
7786
6858
6615
7571
6675
