2914
1890
1528
1992
2763
2188
2384
1853
2565
2874
1765
2519
3078
1874
2850
3058
1754
2373
2918
3363
2356
3597
2620
1872
1887
1855
1886
1911
1641
3057
2539
1931
2266
2422
2184
2770
2279
2508
2869
1924
2260
2111
2249
2090
3005
2854
2239
2130
4865
3808
4115
3036
3892
2866
2752
3529
2686
3243
3529
4182
2521
2861
2994
3580
3261
3459
4438
3803
4091
2632
4268
2925
2885
3120
3252
3018
3537
3791
3389
2959
2011
2273
2105
2006
2449
2469
2681
2625
3485
1901
3283
3534
2909
2022
4000
2811
2854
3229
2730
2303
2714
2270
3416
2511
2280
3028
3246
5151
3425
4063
3568
2627
2352
2607
2120
2257
2540
2428
2949
2686
2864
3800
3119
2111
2462
3104
2526
2699
3293
3083
3791
3456
3230
3150
3586
3007
3287
4535
3465
4485
3109
3684
4819
2872
2423
2501
2917
2705
2588
3015
2935
3328
3116
2335
3029
2241
2227
1860
2382
2843
3042
4433
2941
4532
3009
2947
2825
3641
5609
4140
3778
3539
3138
5139
4329
2003
3726
2764
3886
4251
4920
3414
3320
4385
3508
3635
2970
3916
3844
3808
4294
3762
3608
3230
3048
3880
3767
1932
3341
2763
2411
3250
2734
2841
3870
3591
3312
3809
2679
2549
2943
3699
2658
3126
3228
2201
3479
2983
3643
1772
2300
3885
2078
3372
3144
3273
3706
4094
4902
4164
3225
3339
3671
3695
3948
3204
3117
3335
4116
3696
3974
2833
3144
4192
2448
4603
3268
1790
2770
2923
2345
3834
2174
3127
2538
3935
4061
3639
4104
3056
4340
2924
2866
4119
2037
2056
4152
3475
4386
3377
3992
3784
3024
4825
3664
4385
5821
3177
3146
4286
4103
2991
4405
3608
3956
2896
3367
3443
3142
4020
3549
3264
3490
3240
3717
3758
3114
3102
2996
4034
4116
4104
4340
2646
4192
2548
5669
4568
3843
3859
3121
5350
4319
3647
4403
3530
5610
3734
3345
3458
4199
4557
2674
4328
4005
3663
3947
2724
2614
3859
3453
2843
4572
3642
1458
3534
1914
5950
2140
2748
2791
2421
1944
3191
3056
2709
2453
3264
2503
2466
2161
3474
5488
3556
4070
5448
4574
4772
3045
3589
3748
4600
4527
3198
2902
4139
3575
4335
3354
3839
4596
4218
3768
5520
4055
3996
5125
4522
4987
4407
3612
5146
3656
4305
4104
4035
5915
4720
3710
5776
3582
4531
4952
4164
2654
4992
4206
6183
3862
3533
4207
4541
4121
3046
4931
3933
4460
4877
3806
4367
4535
4451
3085
4092
4567
3941
3294
3653
4401
4995
4914
3833
3141
3785
4384
3552
4481
2377
4639
3099
4891
3320
4811
3601
6592
3446
3706
6170
4107
4179
4889
4075
3805
3906
3505
4992
4126
4751
4662
2950
5193
4794
2995
3560
5258
5116
4132
3340
3565
3465
5607
4554
2987
4063
3768
5744
4936
4909
4901
4222
4590
5591
4856
5351
5989
6261
5334
4712
5126
5602
3909
4963
4686
4056
5511
4851
4055
5135
5196
4224
5507
3938
5796
3422
3352
4504
3232
3418
2216
3830
2163
2866
2823
2314
4330
2931
2564
2806
3329
3221
3801
2817
