7931
8654
6712
8129
9357
10199
6615
8767
9719
7617
7685
9224
6253
13184
7821
11880
5853
7395
7775
6161
7635
3492
7921
5260
4649
5949
6276
8942
6614
5813
5533
7351
2718
3198
3447
2446
3099
2514
2789
2078
2878
1561
2848
3332
3186
3012
2390
4695
2608
1676
2297
1920
2353
2334
2566
2498
2134
2539
1923
2071
1768
2695
1934
1807
5113
5981
4048
5456
4287
4102
3334
3564
4127
4081
4604
3956
3281
3718
3322
3750
8152
7308
6447
3933
7990
9984
8205
7563
15663
7427
5580
11540
5682
6024
8124
5907
3820
2645
3517
3644
3063
3186
2917
2520
2995
2887
3206
2887
3791
3515
3132
3275
2680
2125
4017
3232
4134
2538
3156
3286
2917
2745
3178
2607
2676
2933
2868
3040
2850
1923
2512
2579
2292
2452
3402
2164
1788
2037
1749
2769
2183
2188
2572
2170
4537
4710
4462
4220
3893
3265
6812
5048
3247
5380
4294
3554
4471
4516
6978
5463
2070
1729
1784
1725
2053
2006
2471
2223
1935
2197
1869
2048
2257
1802
2461
2255
5473
5227
5153
4149
3703
3478
4265
3047
4981
4166
5470
4453
4528
3807
3782
4027
6648
5403
12275
11477
10015
8981
13086
10332
8754
8397
7862
9520
11150
7574
9687
8300
2289
2676
2241
2469
1730
1746
2253
2438
2322
2144
2104
2221
2534
2654
1857
2162
2224
1815
2048
1704
1681
2363
1708
1789
1711
2305
1896
2657
1861
2053
3087
1951
7184
12367
4619
9021
8180
9717
9916
5855
7410
6087
8162
8784
7761
5879
10109
4966
1931
1252
1540
1302
1780
1742
1774
1705
2324
2214
1289
1602
1357
1548
1892
1556
8620
16384
9882
16384
9869
10905
10396
11188
11650
11648
10091
13277
13423
8666
16384
11346
6654
7247
5794
8721
7325
6882
7973
6593
4072
5584
6505
6534
6485
6705
5751
8360
5264
6864
5726
5825
5188
4886
5097
5205
3912
5736
5669
6036
6477
4638
4773
6243
5578
8688
6206
6992
8826
8232
6439
7441
4929
9191
7437
6805
7556
5744
6915
7159
5364
4927
5359
6376
5061
5864
4334
5172
5031
5675
5422
5906
4746
4873
7738
5766
2209
2874
2687
2857
2402
2976
2588
3127
2094
2886
2747
2869
2679
2953
3126
2286
16384
16384
16384
16384
16384
16384
16384
16384
16384
16384
16384
16384
16384
16384
16384
16384
4892
7348
3578
4564
5388
4542
5893
4396
4933
5695
4060
3756
5646
4858
5716
4205
6300
8559
5649
9387
6864
6642
7556
7183
7719
7504
8553
6707
8944
6808
4932
7987
3760
5185
3872
4650
4468
3882
5235
5899
5120
5521
6186
4750
4954
4248
3476
12367
3631
3887
4164
4658
3614
4116
3783
7088
4017
4216
4719
2632
3033
4211
3405
4503
5308
5517
6194
3224
5191
5470
5682
6358
4325
4045
3482
5260
5411
5470
6577
4887
6737
5656
8004
5613
6406
7289
6475
7332
7306
6561
6806
7913
5383
5982
5950
6783
2834
2760
1889
2072
1944
1768
2478
1574
2391
1887
1957
1951
1957
2233
1847
2485
1212
1465
802
1489
2480
1385
1713
1199
852
814
1300
1260
1343
1030
1288
1213
