12753
11379
12104
10845
12887
10192
15271
13634
8918
9690
8540
10413
9060
12406
11556
11105
1958
2103
2198
2092
2007
1880
1751
2195
2482
2047
1924
1909
2109
2053
2257
2508
2233
2468
2052
1855
1728
1958
2342
1844
1635
2296
2542
1771
1920
1912
1323
1919
5069
5902
6784
5341
5770
6194
5879
8261
6169
5898
5441
4184
6037
7255
5816
6228
7148
8344
13932
7408
5557
9130
6132
10183
11256
6022
6417
7528
10016
9010
5082
7255
3751
5149
3683
3871
4165
5239
4211
2981
4960
4621
3317
4472
3718
3896
5215
4154
8078
8809
9288
11437
7949
9962
9676
8882
7439
8905
7998
8534
9821
8700
7576
9288
8165
8867
10051
6057
8532
7016
8230
6199
8185
5843
5714
10606
6287
9674
11051
7171
3039
4032
4441
3772
3378
4987
4793
3509
3902
4023
4015
4156
4440
3976
3320
4391
5626
6637
8779
7594
7372
7159
6662
8266
7497
6362
9051
8798
4961
6990
7655
4913
3955
4388
3667
3181
4077
3435
3462
4866
2683
2523
2232
3032
2497
4939
3248
3348
1668
1890
1479
1578
1898
1283
1412
1410
1422
1642
2169
1235
1670
1347
1228
1114
6282
7489
9636
8907
7118
6491
7156
7557
7657
6139
6573
7628
9075
6747
7966
7247
4238
3843
5595
5019
3845
5030
4784
3421
4345
3078
5614
3212
4017
6154
4974
3742
6953
7770
7890
7067
5365
7040
7770
7679
9263
8214
7329
6814
6732
8178
5186
6713
5693
5614
6738
5464
5835
4781
5943
5141
4145
4864
6267
6089
6301
5635
4221
6692
8279
12379
8016
8292
14402
9284
10785
9078
10025
11482
16384
10200
9228
9410
9521
9689
4247
3487
2897
5131
3522
3976
4630
4528
4949
4359
4046
5087
4623
5214
3910
4944
3256
3795
3187
3648
2709
3704
1994
4354
2699
3838
4357
3340
1973
2374
3077
1918
5491
2085
2600
3482
3032
3997
3348
3462
2329
3740
3255
2762
3298
2593
2401
3573
6101
7451
5650
5373
5425
7294
5580
4313
7488
6889
7028
6703
7211
7955
6432
6784
4003
3063
2577
2830
2517
3291
3280
3004
3332
3210
3069
2967
2837
2469
3914
3111
1755
1593
2420
1786
1511
1247
1343
2012
1750
1876
2454
1584
1721
1495
1484
2018
6394
10470
9760
9046
7162
7160
8289
6838
8266
7435
9534
6222
6764
6844
8291
8857
3835
3966
4124
4797
3127
4807
6106
5044
6726
5716
4977
5011
4405
3797
6122
4936
12058
5523
5478
8250
7196
8884
7239
7616
6837
15648
7841
5162
5646
8934
6789
5754
16384
16384
10075
11877
16384
11774
16384
12120
16286
10539
11904
16384
16384
9890
11545
16384
9449
7608
6006
10920
6388
8470
7083
6699
5850
6856
9772
7999
5064
7228
6481
9066
8510
7897
7433
10695
10645
9537
5954
5873
7392
6731
5446
14628
6713
6667
4875
5830
5279
3651
3730
2947
4331
3412
4397
2674
4569
4422
3533
4000
3899
16384
4025
6341
10927
8610
6457
7450
10555
8458
7079
6805
7132
7685
6721
6558
7147
8338
9540
8134
7760
5020
5659
7929
7222
7289
6387
7154
5672
7431
6086
5562
5400
8279
5304
9160
