8118
6663
7613
7784
6936
5871
7957
6948
5871
7658
7231
6231
8408
6379
6893
7263
6039
4379
5263
4807
6988
5887
5619
4684
4871
3406
4944
5957
5784
4306
4691
5445
1704
1771
1666
1605
2468
2034
1824
2036
1646
1860
1476
1854
1806
1645
2152
1437
6330
6135
7523
7373
6313
5876
5965
7205
7979
7133
6781
6008
5911
5955
5107
6701
4629
5045
6012
4944
3351
4157
5405
4459
5639
5993
4106
3967
5007
4324
5470
5077
881
1180
1225
961
1035
1273
1176
1045
1103
1176
1165
817
887
1122
926
1104
12264
10353
7477
9639
11829
8113
9725
10120
9956
9728
10945
9612
6610
7989
9917
10387
3868
5644
4693
3153
4363
4680
3712
2417
5144
5257
4294
3905
2549
4725
4673
2868
3299
2250
3066
2352
2536
2712
2829
2733
3345
1966
2010
3204
2522
3104
3464
3625
4949
4413
4150
4318
4682
4612
4260
2816
5381
4128
4755
4262
4097
3708
3481
3869
4241
4358
4559
2870
3910
3734
4231
3656
4921
4054
6283
4105
3157
4837
3527
3249
8524
8335
7593
6942
8139
10102
6395
7300
5816
11630
8130
9262
9703
6994
8226
12519
9578
9611
10185
9854
8170
10261
9014
9369
8903
8875
9852
10769
7825
9429
8841
9376
5453
8106
6945
5894
8008
6551
6048
7392
6741
6304
9481
8033
8047
6918
6771
6645
8578
7940
6580
7764
7752
8927
10030
9015
8795
8385
7631
5597
7549
8189
5636
10499
11131
9798
9575
10824
9277
9845
10179
8239
9188
11045
13907
11284
10526
8979
9738
8392
2569
7013
6377
5874
5376
6775
7751
5837
8742
6840
6496
7049
6040
4314
3656
6801
3176
3329
2624
2703
2904
2449
4063
2905
1919
3869
4598
3055
2933
2737
2976
2900
2467
2525
2413
2732
2915
2498
2446
2490
2745
2972
2757
2636
2491
2593
2565
2754
2004
1922
1587
1648
1596
1788
1756
1918
1506
1781
1820
1897
1703
1779
2892
1776
16384
16384
16384
16384
16384
16384
16384
16384
16384
16384
16384
16384
16384
16384
16384
16384
9013
9165
12349
5524
7751
6373
7099
6650
4892
5645
7709
7052
7500
11661
7412
7294
5651
5238
4666
5552
5237
4415
4795
6409
5839
5993
4769
4367
5327
4269
3866
4863
7826
9451
8778
9605
11715
9559
11081
11451
8782
8736
10249
10046
8188
11135
10123
7550
3515
3507
3156
3957
3198
2401
3301
3075
2656
3696
3876
3322
3085
2649
3952
2372
9211
9290
8632
9613
9742
9914
9444
8241
9527
9637
6798
8031
7812
8704
12010
8713
2031
1607
1432
3331
2020
1241
1552
2008
1425
2919
2808
1117
1710
1115
1485
1979
9163
10009
7792
8399
7397
9496
12686
7429
13053
12628
8921
8493
10243
7896
9867
11481
2234
3117
1886
2701
2648
1952
3048
3070
2261
2618
2540
2372
2372
1802
1948
1981
3303
4437
2648
3516
2489
2976
2097
2808
2506
2591
3810
2059
2418
2558
2304
4004
4075
4234
5020
4203
4186
4015
4163
6983
4380
4705
4412
4172
3348
4074
4963
6565
2967
3362
2845
3121
2435
2296
2690
2642
3132
2183
3051
2768
2199
2194
2905
2548
