1232
1804
1910
2188
2530
2024
2121
1861
2120
2416
2128
1931
2072
1504
1927
2265
6515
5939
5628
4981
5180
5159
4698
5757
5330
7278
4672
5819
5385
6838
4681
8229
16384
9653
11965
9725
7298
8892
10942
14341
10640
9702
7982
12496
13404
16384
11985
10455
1254
1430
1534
975
1046
1710
1486
1614
1506
1138
1351
1142
1034
1691
1921
1570
4734
2962
2430
3639
3836
3596
4263
3629
3881
4602
4081
3283
3272
4908
3409
4502
7982
5606
9417
8082
8892
8822
8245
11625
7925
8521
7312
7497
10393
10344
7880
7957
2755
2989
2343
2813
3334
2670
3241
2406
2878
3259
3913
2550
2558
2373
3380
2610
8750
8295
6558
8378
16384
10800
9494
12790
10739
13200
6367
7869
11383
7608
10734
7398
6740
6310
5153
7001
5755
6833
7249
6267
7011
6195
6370
7183
6721
7175
5977
4770
2155
2627
2257
2421
2487
1738
3338
2409
2051
2177
2085
1985
2908
2273
2769
3000
3453
3160
4153
3489
4197
3754
4297
3397
3250
4235
3675
4619
2945
3899
3504
3974
3605
4663
4665
3377
3825
4169
3672
3892
3954
4158
3447
4229
4136
3978
3112
3812
2440
2969
2125
2237
2756
2768
2102
3220
3185
2109
3578
3088
2729
2887
2567
3601
6168
5902
5816
6875
4812
5220
7863
6668
6044
5282
5672
6881
6284
6525
6428
5800
1375
946
1495
1368
1650
1704
1536
1392
1239
1877
1471
1246
1872
1684
1330
1294
10071
8176
5901
7172
8809
8211
7795
8037
8304
9058
8012
8671
8089
9136
4897
7519
6972
4701
5640
4541
9091
4802
5432
4545
4902
5072
4736
10765
5595
4561
6268
7405
5389
5901
5147
4678
5403
6569
4864
6173
5352
3955
5227
5472
5010
4956
4261
4322
2398
2560
2303
2523
3521
3176
3433
2391
2905
4005
2747
3585
2810
3454
3057
3033
8920
8038
11076
8984
7921
8893
9025
9078
9804
8193
9302
10412
8579
8641
10581
7939
3222
3119
2609
3985
2678
3399
2444
2710
3804
3047
3721
4550
2983
4275
3281
2740
6238
6039
5161
4356
5141
6347
5389
5079
6076
7732
4807
4774
3254
6068
6231
6076
6518
8858
7226
5606
7764
6573
6288
9429
8185
6533
8304
8680
7080
8326
7517
7347
11670
11003
9920
10044
10818
10251
15069
10537
11197
10396
9115
16384
12424
9998
9054
10770
16384
9191
13196
14845
16109
11026
16384
13459
15365
16384
14864
12672
11959
14296
11880
16384
16384
16384
16384
16384
16384
16384
16384
16384
16384
16384
14111
16225
15380
16384
16079
16384
8053
6629
7623
4836
7178
6883
6179
6577
5814
6486
5934
6880
6275
6299
6766
8924
6810
11387
6172
7846
5964
5689
6969
7555
14611
8824
6477
9751
6957
10298
9802
7410
3325
3215
2842
4415
3251
3565
2662
2968
3181
3634
2438
3042
3069
2835
2951
3666
5176
5096
5901
5832
5712
5806
5773
6381
4517
5961
5092
6467
5486
6798
5560
6376
16384
16384
16384
16384
16384
16384
16384
16384
16384
16384
16384
16384
16384
16384
16384
16384
3224
2017
2294
2624
2154
2644
2209
3018
1963
2609
2282
1881
2483
2688
3272
2136
