2292
2644
3693
3879
4477
1948
3250
2562
2332
3795
2627
2732
2306
2435
3117
3420
3856
4192
4129
3970
4660
4366
3694
3471
4383
3496
3172
3840
4647
2898
3478
4063
8723
9133
9566
8540
6672
7566
6832
11391
7412
8394
7882
9162
11494
7260
9371
8548
1360
1898
1710
1590
2639
2290
2234
1819
1990
1687
1717
1577
1951
1470
2179
1931
1616
2872
3013
2208
1655
1618
1884
2189
2995
2098
1460
1869
1864
1565
2297
3087
6071
4773
4570
5362
5543
4406
3749
5241
4810
3680
5900
4862
4508
4957
4672
3961
14515
14995
16384
15184
13360
12827
16384
14540
11677
16384
14061
16384
13754
16384
13922
16384
2856
3167
3123
3145
3026
3559
2699
2106
3419
3241
3298
2991
2667
3343
3653
2830
1663
1687
2076
1020
1944
1946
2315
1388
1283
2088
2165
2284
2182
2442
1637
2120
3621
3259
4589
3861
3583
3978
4251
5196
3557
4755
3871
3837
4490
4076
3042
4279
3102
3137
3023
3224
3476
3647
3285
3094
4514
2596
4362
3203
2491
2169
3653
2512
16384
13207
16384
15397
16384
15878
13904
16384
16384
16384
15252
15060
16247
16384
16384
16384
6025
4098
6544
5653
7869
7783
4490
5488
6032
4844
4785
5572
8202
5376
11364
5290
4537
5650
4734
5796
5137
5815
4590
4772
5352
3445
4719
6931
6711
5710
4274
3751
8431
6269
6415
8193
8366
7683
7410
6479
5456
5855
6708
6170
6514
4421
6574
6128
14688
16384
16384
16384
16384
16384
16384
16384
16384
16384
16384
16384
16384
16384
16384
16384
3564
6307
3521
4796
3919
5304
4824
4761
4231
3022
4353
5733
3667
4927
5973
3579
3375
3522
5240
4073
3110
4397
3766
2436
3302
3190
3494
3633
4538
2782
4437
3097
11042
11868
11225
11152
11666
12581
13228
11733
13521
13474
10488
13033
12093
13201
13019
13617
12116
11154
9460
9226
11493
10235
11323
12279
10168
13568
11788
12121
11701
13163
13216
12159
1981
2570
1927
3301
2338
3667
2490
3036
2900
1679
2172
2536
2857
2942
2480
2259
3700
4384
7440
3778
3451
3511
3873
3662
4474
3391
6625
4388
7614
6813
3642
4779
1405
1447
1578
1491
2074
1223
1211
1311
1489
1307
1196
1612
1738
1245
1760
1605
5897
6020
5530
5809
5839
7356
4156
5418
6675
8313
6603
7404
6936
5929
7280
5242
2175
1886
2832
1886
2900
1937
2374
1863
2003
2959
2329
2560
2298
2084
2727
2563
9648
11769
16384
12249
14425
12052
11070
11996
13661
15897
11845
11998
13927
12021
13863
15098
12949
13119
12389
10551
10295
10677
13567
13124
11289
11237
12044
11480
13799
11071
11361
12517
4982
7713
7677
5185
6215
5723
6908
6278
5245
5722
5716
16167
7828
7686
6438
7028
5455
6074
5106
6639
5605
4144
6260
4140
7266
7780
7663
4860
5735
5646
5476
4321
3489
4947
4860
4370
3144
4459
3154
3761
3095
3432
3064
3485
3141
3041
4627
2808
5373
15073
6115
5051
5583
11256
5633
5808
6321
8864
7049
7870
5946
4042
4736
6165
8740
12847
9529
11228
16384
8454
10925
12827
8466
11011
13426
10490
12363
9533
11669
16384
