4217
5374
3986
5346
4023
5401
5111
5631
5110
4461
4008
3399
3756
4977
4310
3116
5710
4623
5287
4439
6614
5544
5313
5491
5076
5592
5897
5677
5160
6195
5589
4984
3806
6254
6019
3826
4754
6341
4530
4443
5381
4914
4384
3611
5079
4484
2851
5047
5456
5290
4117
5659
5184
5080
5659
6243
4822
5970
4780
4397
4366
5571
5971
5558
3798
3663
4176
6183
6437
4935
6361
5229
6886
5393
4920
4042
6173
4711
3775
6038
5789
5442
5385
4256
5758
5033
4527
6609
6274
6050
5191
4947
4490
5603
5196
6069
3514
5370
7145
5888
7468
6415
3669
6324
6381
5769
5759
4812
5795
4732
7034
6878
5540
5244
7827
5435
7437
5705
5767
5196
6377
4701
5255
6374
5139
5192
6061
5066
6335
6529
8014
6178
6885
6531
7302
5671
5888
6074
5482
6572
4221
6158
5739
6381
3411
2383
3300
3126
2707
2676
2802
3336
3072
2447
2495
3003
3352
3281
5495
3065
4411
4113
5468
6553
5527
5487
5278
3719
7119
4137
5500
4183
4589
4453
4938
4731
6318
4923
6135
6453
5915
6575
5564
6093
7147
5241
5602
5975
6445
3769
5857
6610
3506
3190
4071
4479
3024
5898
4177
6137
3839
4775
4134
1976
4512
2662
3997
5159
5336
5974
7732
5156
7878
5720
5673
16384
6336
5720
5908
6930
7362
6098
6233
8011
6001
4518
4401
5558
6146
5587
5567
5461
5826
6267
3960
5998
4034
6308
4875
4226
5323
4927
5547
6311
9702
5774
4944
6299
6385
6626
5359
5222
4712
5230
5241
6401
6547
6412
7195
4986
4087
7234
4164
5179
5550
6086
5343
4862
6034
5690
4220
5825
5508
5841
4413
4243
6531
5234
5202
6572
4853
4696
4224
4580
5028
6993
5153
4919
3372
4282
4389
3704
4662
3956
5431
4576
4792
3931
3206
3934
4671
4257
3745
3347
6819
6469
6424
4571
7461
6269
5701
6114
5833
7311
6041
5940
6770
5724
5782
6696
4084
4086
3282
12010
8426
3524
5324
3225
6357
4639
11188
4036
3740
4275
4525
5173
7158
7405
5971
6728
6656
5772
6160
7821
5478
6445
6675
6559
6498
6338
7514
6375
5613
5541
4894
5640
6572
3424
4883
2671
6088
5360
4488
5789
3507
5294
4640
4684
4082
5156
4666
5100
6047
6888
5984
5193
5604
4991
5807
4871
5221
5729
6553
5637
5751
4693
5464
5414
4083
4891
4473
5279
6181
5076
4283
4903
5842
4997
4982
5441
5645
6717
5918
7261
6732
6692
5806
4800
6521
5692
7053
7212
6183
7063
6116
6086
4083
6580
4352
3969
4318
3780
4404
4578
4916
4978
6942
3804
3660
4330
3961
4835
7535
5845
6109
6855
6638
6948
8022
6892
6689
7267
5982
5880
8214
7784
5716
8313
3435
4150
4186
4277
5378
5001
6372
6595
5145
4151
3972
4586
5033
4133
6532
3910
6682
8158
8358
5936
6735
6656
5233
6384
9016
5937
6153
7299
7511
7512
7052
5574
5899
4958
4189
4501
4432
5596
5306
5481
4946
4819
3446
4655
6503
5174
5280
4523
6711
5509
4779
5510
8997
6390
5930
5028
6042
4721
4371
8561
5060
7985
7135
5802
