3500
3311
3004
2886
2881
3383
4184
4048
3676
2778
2970
2336
2647
3300
3387
3535
4661
3529
2471
4873
2929
3969
3265
4506
2880
3915
3580
3024
3061
2804
3373
4266
2404
4108
2650
3132
3837
5748
2371
3445
3224
3249
3211
2802
3758
2857
4385
3711
4232
3487
4374
4140
5071
4198
4320
3795
3688
3919
4625
3626
4587
3687
3431
3793
3069
2747
3593
2571
2530
2572
1881
1891
3804
2060
2345
2178
1844
2145
2173
2202
3281
4008
3795
3713
3776
3546
3546
3339
3788
4419
3813
4179
3882
4119
3426
4077
3844
5045
4073
4634
4346
3526
3495
3199
3728
4027
3508
4754
3885
4493
3388
3761
4558
3394
3371
4069
1943
3477
4559
3630
3297
3112
3045
3317
3814
3730
2330
3607
3251
3377
2669
3365
2282
3716
3134
3428
2065
3311
5515
2774
2466
3427
2896
3540
5460
4633
3814
3880
3307
4613
4977
3344
3726
5812
3935
3925
3604
4289
5203
4543
3389
3451
4217
3896
4663
2946
3299
3571
3652
2674
3416
3182
3013
3042
2678
3167
3529
4193
3308
2923
5048
3135
3487
4435
3723
4120
3463
4542
3457
4362
2831
3790
4763
5391
3577
3196
2858
3537
3998
3047
4143
4196
4197
4886
2797
3206
3863
3403
3219
3613
2594
3986
2813
1840
2091
2475
2547
3854
2475
2003
2841
2662
4028
2493
1616
3586
3339
3288
2092
2984
2596
2211
2135
1327
2512
3360
4003
2606
2680
2431
2978
4606
3591
3203
4640
4201
5732
3723
4896
5110
3557
4036
3860
3042
4602
4010
2889
2735
3057
2090
2810
2762
2160
2803
2961
2431
3375
2316
2569
2441
3278
1551
3940
4406
3160
4475
4207
3352
4819
4892
3963
3806
4614
5010
4090
4153
4248
4100
2574
2124
1550
3038
3396
3218
2066
1837
2558
3947
1947
2668
4272
3461
2478
1556
3605
4197
3820
4640
3435
3747
4752
5552
4024
4071
4457
4759
3397
4583
4184
3949
2156
3147
3103
4237
3264
3143
3935
3678
2830
3208
3218
2717
3430
3294
2579
2433
4496
3962
3813
3519
4901
4570
4909
5421
4561
3420
5011
4153
3034
4313
3042
3407
2280
1791
4592
2790
1898
2320
3589
2522
3127
3084
2696
2481
2667
2233
2633
2666
5029
4628
4873
5773
4403
4292
4040
4350
4402
4068
3319
4197
3770
3442
4821
4530
2374
3007
2770
2523
1939
3531
3988
2081
4573
1991
3262
3113
2809
5452
2862
3328
4493
3782
5077
4920
5252
3521
4067
3353
4731
4614
3015
5765
4187
4211
3918
4295
3671
2635
3169
2988
3139
3231
2520
3197
2472
2992
3667
3931
3089
2530
3200
3329
5384
4724
5272
5335
4499
4825
3962
5614
4614
3407
4589
6150
4327
3256
5335
4799
2764
2837
3009
2595
3478
3017
3653
3015
2370
2503
2523
3396
2694
2871
2658
2351
4464
4758
5500
3841
5406
3585
4249
3613
4992
4263
5168
4136
4142
3574
4408
3782
3574
4284
3721
3734
3670
3296
3991
3901
3813
3917
3558
3543
2814
3330
4579
2434
2386
3136
3407
3216
3618
2185
3260
3334
3300
3839
2557
3180
3439
2960
2431
3967
