1167
1017
933
1228
875
920
1240
880
1214
1277
1619
1113
1036
1085
1139
1176
2075
2023
2578
2250
1819
1940
2253
1552
1577
1618
2917
2060
2268
2157
1992
2569
2049
1775
2206
2260
2166
2090
2325
2304
2100
2021
2053
2008
2030
2529
1955
2023
1944
1685
1638
2715
2317
2102
1583
1655
1872
1507
1702
1988
1701
1725
1582
1315
1449
1803
1635
1624
1519
1235
1810
1674
1762
1086
1216
1193
1351
1410
1178
1021
2059
2286
2226
2052
2034
2685
2251
2095
2039
3185
1806
2117
2240
2167
2201
2437
1664
1587
854
1317
2524
1531
1462
1063
1248
1350
1281
1400
1893
1380
943
1759
1970
2347
1943
2520
1661
2094
2377
2295
2087
2397
2084
2000
1497
2119
2141
2085
1303
1452
885
1244
905
1153
866
1357
1279
900
1501
1291
1319
1219
1318
1765
2298
2006
2194
2380
2125
2761
2670
2425
2080
2296
3419
3045
2665
2126
2239
2404
1276
1474
1593
1249
1087
3081
1943
1925
1100
1595
1596
2203
1230
1838
1779
1295
1982
1959
2189
2384
2352
2099
1985
2117
2228
2303
1565
2187
2848
2106
2214
2556
2112
2014
2291
2734
2097
1782
2548
1598
1677
2211
2359
1787
1873
2009
2193
2258
1027
1886
1897
1628
1528
932
1212
1343
1184
1504
1638
1841
1697
2088
1396
2341
2365
2459
1835
2008
2040
1828
2452
1457
2972
1664
2835
1986
2115
2382
1547
1901
1801
1891
2249
2100
2313
2103
1769
1654
2275
1615
2341
2064
1887
2763
1990
2098
1863
1825
2145
1636
1343
1936
1633
1635
2431
1791
2658
1614
4043
1377
1732
1929
3327
2872
3363
2547
3421
2571
3024
2405
2587
3605
2586
2939
3400
3681
2399
2846
1316
1412
1290
1604
1524
1278
904
1742
1383
1303
1106
1451
3277
1519
1928
1520
2941
2659
2585
2787
3517
3094
2830
2785
3486
2881
2538
2432
2662
2734
2749
2619
1654
2238
1380
1581
1497
1568
1622
1507
1416
1946
1387
1631
1724
1572
1575
1423
2942
2171
2377
2769
3512
3256
3008
2274
2757
2354
2471
2667
2809
2450
2348
2378
1966
1721
1671
1932
1767
1477
1969
2016
2747
1529
2222
1925
1924
1956
1400
2517
3075
2753
3036
2658
2845
2723
3309
3067
3014
3061
2611
2694
3358
2377
3837
3497
1535
1965
1308
1737
1636
1748
1445
1592
1757
1911
1689
1246
1804
2170
2107
1641
3138
3237
2700
2365
2990
3524
2923
2501
3224
3112
2784
3050
3002
3031
3305
2951
1467
1699
1945
1705
1696
1880
1975
2037
2162
1802
1371
2027
1883
2450
1985
2043
3110
2812
5023
3586
2573
3910
3071
2746
3328
1982
3319
3280
3144
3006
3619
3309
1817
1846
2237
2574
1752
3436
3153
1800
2578
1882
1873
2515
1852
2185
1953
1909
3367
3355
3262
1649
3337
3188
2738
2441
2442
2854
2039
2691
3867
2565
3086
1612
1482
2691
1819
2435
1504
1952
1655
2414
2082
2464
1904
1752
1963
1913
1771
1861
1776
2993
3459
3012
2238
2258
2855
2122
2599
3168
3526
2177
2328
2646
3226
2480
