5004
5721
5905
3363
7902
3943
5058
4501
6417
4633
6381
6763
5181
5093
5132
6928
10841
11608
11392
11457
13464
9784
14747
11789
11698
10164
11192
11550
12676
11532
12609
11306
11806
8742
11754
12144
9479
13312
11244
13243
16384
12693
16384
14901
12875
14503
12781
16384
4787
4928
3838
3011
3629
3824
3779
4013
3153
5338
2266
2621
3559
3178
11284
3731
7475
6188
5741
9066
5905
6763
5898
6563
5799
5145
8317
6362
5743
6147
5675
6274
16384
11366
10407
9197
11986
11736
16384
15721
9365
12265
11743
11366
11412
10205
12815
11025
10455
14720
16384
12772
11534
15775
13562
15162
16384
12087
13028
14197
16384
15766
12900
12541
5244
6233
5096
6997
5653
5588
6051
6922
6819
7499
6665
6674
6926
5139
7555
6511
12844
14454
10807
12200
11657
15235
13700
12365
11651
12718
13270
12601
15080
13917
13281
12935
7430
7543
6925
7938
5726
6329
7547
6932
5871
6434
5145
6123
6012
7083
7944
8421
12563
11989
12507
12299
13768
11296
12032
10832
10234
10687
12319
13754
10040
13725
12227
12207
11173
5258
6007
5986
8521
5877
7729
7111
16384
5363
7002
6968
8795
8262
8693
7288
8951
5520
7984
7175
8731
7206
7071
7558
5351
6933
8559
7518
16299
11854
12319
7968
14002
10413
12246
10117
14453
11788
11630
14439
12933
15023
11194
13292
9274
11890
10359
10524
7737
7788
5737
7962
10506
12653
6205
6227
8132
6888
5032
11911
7626
10037
6868
7956
15347
16384
16384
16384
16384
16384
16384
16384
16384
16384
16384
16384
14509
12077
16384
16384
8936
7924
7784
11694
9513
9245
9067
8435
7491
7747
8991
7137
7412
8984
8751
8370
16384
13727
14305
14402
15317
14446
14974
14416
14134
13501
16384
16384
16384
11177
15781
16384
9007
9530
10360
11605
8714
9487
8621
9450
10230
8881
9284
11567
10244
8985
8094
10269
16384
16384
16384
16384
16384
16384
16384
16384
15523
16384
16384
14064
16384
16384
15505
16384
8804
8532
9021
8865
9309
9000
10385
7956
14085
10054
8792
10328
9964
9307
8505
12045
16384
16384
16384
16384
16384
16384
16384
16384
16384
16384
16384
16384
16384
16384
16384
16384
11443
10130
12897
12631
11915
12101
10403
10628
10199
11009
13182
10033
9789
12205
15178
10155
11501
8986
10616
9141
10698
13037
15971
9886
10824
16384
14729
12254
11835
9933
6246
9354
8865
9790
9120
8670
7916
10945
9910
9343
9914
8842
12306
8649
13205
8439
8261
10349
16384
16384
16384
16384
16384
16384
16384
16384
16384
16384
16384
16384
16384
16384
16384
16384
11950
9482
8376
9590
10551
9900
9933
8314
12007
13159
12507
11312
11707
13697
9870
13608
12704
7851
7957
16384
10118
16384
12020
13371
9094
11621
10881
10832
7912
9083
9661
14925
15636
11186
13558
14210
11339
16039
12524
15675
13710
14599
13874
14503
13986
13586
13901
12619
8754
14148
10872
9321
10315
9122
8083
8249
15851
7976
9316
12018
9541
11195
9077
10880
14123
11720
11754
10677
14048
11976
12364
9454
10297
12204
16384
12284
13484
11283
10482
10128
16384
16384
16384
15136
16384
16384
16384
16384
16384
16384
16384
16384
16384
16384
16384
16384
