7669
7489
7660
7491
7405
8455
6944
7027
7380
6290
6744
7501
8196
7626
7690
7290
6775
8323
6860
9997
6490
7887
7833
10186
8763
7691
7990
6149
9201
6916
7181
7388
7590
8256
8716
6982
8342
6792
7956
7001
6989
7027
6282
6687
6828
6365
6846
6561
7285
9139
7827
3635
7604
5116
5005
4585
5988
6697
5569
12049
6154
6899
7843
10167
8758
7998
4459
7451
5081
7664
7270
5926
5895
5954
5296
9376
5107
7321
9172
6069
7044
7266
6260
6563
5188
6582
5682
6844
7102
9208
6830
8542
7044
7034
7245
10379
7035
10148
5294
8612
6654
7741
7814
5720
6635
5835
6607
7630
5799
7049
7114
8294
7255
7790
7084
8439
6407
8675
6025
8278
9840
8489
8968
10075
4545
5129
7878
8387
8277
9382
7346
6081
8434
7413
7358
6507
7260
9798
7367
6613
6880
6309
6557
8903
8537
7694
9417
8267
8918
7833
10822
9246
16138
9930
8466
9959
8160
8141
9309
9136
5460
6927
6128
6161
7256
8934
6930
5684
7082
7489
5495
7790
8611
6016
7335
5668
11092
8170
7475
6854
10393
6477
7737
7165
8073
7827
6922
7993
7716
7543
8716
7714
5437
4775
6967
5518
7406
6385
5087
5065
5625
6415
6626
7063
8269
8392
6284
7633
7434
8752
8170
8128
8578
8412
8296
10863
6573
13275
8372
10360
10594
9987
7826
7905
8990
9584
6631
11420
9645
7504
9970
9097
7558
7320
6146
6228
9873
8766
8593
9476
7324
8901
8113
7868
8448
10065
5869
10919
10286
7912
9476
10252
9285
12533
5697
11631
7848
7454
7453
5958
9660
10601
6827
5127
8374
6049
7764
7187
5900
7118
12779
7487
8667
8840
6193
6883
9999
7123
10781
5996
9204
14554
12846
9127
6596
12147
5951
7937
9586
5987
7367
5801
6227
6411
5111
7244
10116
4483
6079
5426
7351
7060
7526
8590
8770
11105
9859
9530
9743
9420
10178
10015
8647
7956
9769
10022
7985
9275
10211
8924
6215
6244
8135
5957
8915
5166
6660
5724
6613
8684
5857
5561
5480
7999
6796
6457
8191
9007
6331
8707
12891
9193
7240
10467
9144
9035
8422
8429
6481
6529
8283
7806
9014
6509
7143
10147
7640
7771
7137
8607
7447
6269
5844
8846
8590
6352
5757
8203
9302
10114
10055
9842
7580
10835
8171
9752
8244
9852
11498
11779
10667
9319
8423
7974
6727
7833
7431
9166
8973
6909
7220
9687
7801
8989
6299
8185
7911
8069
8105
5295
7452
5963
7917
7551
6228
9707
6045
5960
7008
5726
6285
7521
8007
8928
8044
6339
4603
4870
4834
4074
6355
4306
3883
4689
3895
4509
6321
4617
6173
6086
5142
5495
13074
7875
9724
11761
7271
7149
7222
6624
7996
8685
7313
7610
7035
7202
7941
7874
6822
7076
7874
6013
5891
6048
6641
6981
5691
6138
6377
6789
6376
4650
7255
7693
8938
7663
9711
8287
8513
8969
9591
10955
10536
9283
10558
7550
8842
10388
9605
10561
9533
9059
9132
8947
9170
9497
9411
8499
8127
8357
8535
8162
7722
7472
9281
7854
12669
9119
5324
6814
5829
8809
8071
6152
8725
4398
4426
6647
6853
7082
6785
6128
